5.9532 13.9301 0 8.64064 16.9088 0
3.57192 7.4031 0 3.87808 7.35929 0
6.3274 6.70221 0 6.42945 6.48319 0
4.18425 8.62965 0 4.55845 8.36681 0
9.76324 3.37301 0 9.79726 3.2854 0
10.0354 17.9164 0 10.0354 16.6022 0
13.063 5.43186 0 13.1651 5.34425 0
4.86461 6.96504 0 5.06872 6.92124 0
4.2863 7.4031 0 4.38836 7.57832 0
2.68744 15.7261 0 3.60594 16.208 0
1.32671 7.79734 0 1.76895 8.41062 0
8.23242 19.7562 0 8.5726 18.442 0
10.0354 7.31549 0 10.0354 7.14026 0
5.30685 13.054 0 5.34087 13.2292 0
9.35502 5.82611 0 9.62717 5.82611 0
13.2671 4.73097 0 14.866 3.37301 0
5.17078 9.15531 0 5.74909 10.3819 0
10.1715 14.1929 0 10.1715 15.2442 0
4.86461 12.4407 0 5.06872 12.7035 0
6.49749 5.7385 0 7.34795 6.35177 0
14.2196 4.59956 0 14.3217 4.55575 0
6.97374 11.5646 0 7.34795 12.0465 0
11.6002 6.96504 0 11.7363 6.96504 0
8.33447 6.26416 0 8.60662 6.26416 0
9.83128 5.7823 0 9.8653 7.18407 0
13.3352 6.5708 0 14.4237 4.24911 0
3.57192 13.2292 0 3.87808 12.9664 0
5.579 10.4695 0 5.71507 10.5571 0
13.4712 11.3894 0 13.9135 12.7912 0
6.15731 11.2142 0 6.42945 11.0827 0
9.15091 17.4345 0 9.15091 17.3469 0
9.79726 0.438053 0 9.79726 -6.15348e-015 0
7.31393 6.30796 0 7.85822 6.35177 0
1.36073 7.49071 0 1.53082 7.49071 0
10.2055 6.70221 0 10.6817 6.74602 0
7.58607 7.88496 0 8.1984 6.22035 0
10.1715 12.3531 0 10.1715 11.8712 0
0.136073 5.38805 0 0.714384 5.60708 0
11.6002 7.00885 0 12.5868 7.00885 0
9.72922 17.1279 0 9.79726 14.6748 0
13.6413 6.78982 0 13.7094 6.78982 0
10.2055 17.9602 0 10.2735 16.2518 0
5.98721 17.3907 0 7.14384 18.8801 0
3.29977 12.2655 0 4.55845 12.2655 0
1.19064 9.02389 0 1.53082 9.02389 0
10.7838 5.30044 0 11.4982 4.95 0
2.55137 15.2442 0 2.82352 14.7624 0
10.0354 0.74469 0 10.0354 1.09513 0
8.67466 19.1867 0 8.81073 17.5221 0
14.1176 5.47566 0 14.3217 5.16903 0
6.97374 6.26416 0 8.06233 6.17655 0
4.2863 7.49071 0 4.32032 7.14026 0
9.96735 11.3456 0 10.0354 11.258 0
4.49041 7.62212 0 4.6605 7.4469 0
9.96735 6.08894 0 10.6137 6.26416 0
4.18425 4.42434 0 4.21826 4.51195 0
0.0680365 7.53451 0 0.136073 7.53451 0
6.25936 6.22035 0 6.90571 6.13274 0
4.45639 5.7823 0 4.49041 6.08894 0
6.46347 7.62212 0 6.63356 7.92876 0
6.53151 7.70973 0 7.38196 7.75354 0
9.28699 9.63717 0 9.45708 9.24292 0
4.21826 8.06018 0 4.2863 8.06018 0
13.2671 6.96504 0 13.6753 6.83363 0
4.86461 6.83363 0 5.06872 6.87743 0
4.59247 7.4031 0 4.62648 7.70973 0
8.53858 6.70221 0 8.84475 6.26416 0
6.87169 11.7398 0 7.10982 12.0027 0
6.66758 11.4332 0 7.51804 11.8712 0
4.69452 12.3093 0 5.54498 13.492 0
7.48402 13.3168 0 8.26644 12.3093 0
4.2863 16.6022 0 4.2863 16.4708 0
9.52511 9.02389 0 9.55913 8.62965 0
10.3416 16.208 0 10.4096 13.4482 0
3.50388 18.7487 0 3.67397 18.442 0
2.38128 9.15531 0 2.55137 9.02389 0
2.00708 8.80487 0 2.55137 8.71726 0
9.18493 17.4783 0 9.18493 17.3907 0
13.9815 4.59956 0 14.3217 4.1615 0
3.87808 16.1642 0 3.9121 16.2956 0
6.05525 10.6885 0 6.12329 11.2142 0
8.47055 6.30796 0 9.28699 6.22035 0
3.19772 14.631 0 3.29977 14.7624 0
10.2055 16.9527 0 10.2055 17.5659 0
9.45708 2.80354 0 9.45708 2.67212 0
5.13676 6.26416 0 5.7831 6.5708 0
7.17785 7.14026 0 7.34795 6.70221 0
8.77671 7.66593 0 9.321 8.01637 0
5.88516 7.09646 0 6.08927 7.66593 0
13.4372 11.1704 0 13.5053 11.2142 0
7.24589 2.23407 0 7.68813 2.27788 0
6.90571 5.7385 0 7.04178 6.48319 0
2.27922 8.98009 0 2.51735 9.0677 0
3.02763 9.46195 0 3.19772 9.37434 0
8.70868 7.22788 0 8.84475 7.22788 0
3.94612 8.67345 0 4.08219 8.67345 0
13.1311 5.82611 0 13.2331 5.82611 0
13.4032 10.9513 0 13.4712 10.9075 0
13.3692 5.16903 0 13.6073 4.86239 0
9.83128 15.2881 0 9.83128 14.1491 0
9.35502 8.01637 0 9.4911 7.75354 0
6.80365 6.65841 0 6.90571 6.65841 0
4.49041 2.10265 0 4.49041 2.19027 0
9.8653 14.0615 0 9.96735 13.7111 0
3.06164 13.7549 0 3.06164 12.9226 0
3.36781 13.2292 0 3.40183 13.054 0
1.36073 7.35929 0 1.53082 7.27168 0
6.90571 14.9376 0 6.93973 15.1128 0
5.81712 6.35177 0 5.9532 7.4031 0
0.102055 7.70973 0 0.306164 8.36681 0
5.91918 10.8199 0 6.19132 11.3018 0
0.816438 5.7385 0 0.918493 5.86991 0
8.60662 18.4858 0 8.74269 17.7411 0
1.05457 9.63717 0 1.39475 9.98761 0
11.2941 6.43938 0 11.5322 6.35177 0
9.66119 8.32301 0 10.2055 8.32301 0
4.18425 4.86239 0 4.38836 6.00133 0
8.1984 19.1867 0 8.23242 18.9239 0
4.83059 8.2792 0 5.0347 11.3456 0
6.25936 7.79734 0 7.58607 7.66593 0
2.24521 8.2354 0 2.27922 8.41062 0
7.24589 19.1867 0 7.27991 19.0991 0
3.12968 12.3969 0 3.12968 12.7035 0
9.76324 17.3907 0 9.8653 17.7411 0
1.36073 7.66593 0 1.56484 7.62212 0
1.63288 10.3819 0 2.0411 10.0752 0
4.6605 6.13274 0 4.89863 6.78982 0
10.2395 1.53319 0 10.2735 0.963717 0
10.3756 6.65841 0 10.6477 6.35177 0
6.59954 6.39558 0 6.7016 6.39558 0
6.87169 5.7385 0 7.10982 7.14026 0
6.08927 11.1704 0 6.25936 10.9513 0
6.29338 11.258 0 6.36142 11.4332 0
3.33379 9.15531 0 3.33379 9.24292 0
9.83128 -6.15348e-015 0 9.83128 0.481858 0
3.46986 17.2593 0 3.67397 17.8726 0
8.77671 7.70973 0 8.87877 7.22788 0
5.7831 12.5283 0 5.98721 13.0978 0
10.1374 11.4332 0 10.1374 11.258 0
5.85114 6.00133 0 7.31393 6.00133 0
4.18425 16.5146 0 5.91918 17.3469 0
8.30046 6.78982 0 8.53858 6.65841 0
6.36142 14.4996 0 6.80365 14.9814 0
11.2941 6.39558 0 11.7023 6.65841 0
10.0694 7.31549 0 10.0694 6.78982 0
4.86461 1.53319 0 4.86461 1.6208 0
3.60594 17.1717 0 3.67397 17.6097 0
5.0347 5.65088 0 5.0347 5.7823 0
6.46347 5.7385 0 7.00776 5.82611 0
9.66119 6.17655 0 10.1034 6.00133 0
13.4372 10.6885 0 13.4712 11.3456 0
7.8242 10.6885 0 7.92626 10.5571 0
1.15662 9.98761 0 1.19064 9.46195 0
9.52511 2.93496 0 9.52511 2.75973 0
8.77671 18.7925 0 8.81073 18.3982 0
10.3416 11.696 0 10.4096 14.8062 0
3.19772 12.3093 0 4.6605 12.3093 0
7.14384 5.30044 0 7.34795 5.34425 0
1.1226 9.37434 0 1.42877 8.76106 0
7.75616 7.49071 0 8.23242 6.22035 0
5.74909 0.131416 0 5.7831 -6.15348e-015 0
5.06872 9.41814 0 5.81712 10.8199 0
1.22466 8.76106 0 2.10913 8.2354 0
3.63995 17.8726 0 3.67397 18.9677 0
14.2196 8.45442 0 14.866 8.45442 0
7.31393 19.2743 0 7.31393 19.1429 0
5.23881 5.21283 0 5.34087 5.12522 0
6.19132 11.1704 0 6.29338 11.3894 0
0.20411 9.02389 0 0.272146 8.98009 0
10.6817 8.76106 0 10.7498 8.71726 0
4.04817 6.70221 0 4.18425 6.52699 0
8.13037 12.5283 0 8.13037 12.4407 0
10.1715 2.62832 0 10.1715 1.57699 0
11.8724 4.9938 0 12.2806 4.46814 0
2.4153 9.46195 0 2.4153 9.63717 0
9.25297 8.01637 0 9.28699 7.75354 0
8.23242 19.0991 0 8.40251 18.3544 0
5.0347 11.915 0 5.10274 12.4845 0
6.90571 11.8712 0 7.04178 11.696 0
13.1311 6.17655 0 13.2331 6.17655 0
10.1034 16.5584 0 10.1374 14.7624 0
4.15023 7.27168 0 4.6605 7.4031 0
9.96735 3.59204 0 9.96735 3.11018 0
7.21187 2.27788 0 7.99429 2.36549 0
10.3416 15.1128 0 10.3756 15.6385 0
8.33447 18.7925 0 8.67466 16.9965 0
7.99429 10.6009 0 8.06233 10.5571 0
9.66119 8.01637 0 9.66119 7.75354 0
6.73562 18.442 0 7.48402 19.4058 0
10.7158 8.84867 0 11.0559 8.84867 0
9.62717 7.00885 0 9.89931 6.5708 0
7.65411 12.1779 0 8.50457 11.7836 0
6.49749 6.43938 0 6.59954 6.48319 0
4.89863 9.85619 0 4.96667 9.98761 0
4.86461 7.97257 0 4.89863 8.2792 0
10.1034 2.93496 0 10.1034 2.36549 0
3.77603 8.80487 0 3.87808 8.80487 0
10.8178 6.96504 0 11.4642 6.30796 0
9.25297 6.35177 0 9.28699 6.17655 0
4.32032 5.95752 0 4.55845 5.95752 0
7.48402 5.56327 0 7.55205 5.56327 0
8.47055 11.8712 0 8.53858 11.3894 0
6.80365 6.52699 0 7.34795 6.39558 0
12.7568 4.33673 0 13.1651 4.68717 0
2.92557 14.7186 0 2.92557 14.9814 0
7.04178 7.70973 0 7.24589 7.97257 0
3.40183 13.1416 0 3.50388 13.0102 0
10.1374 13.8863 0 10.2395 12.3531 0
4.32032 7.53451 0 4.45639 7.53451 0
0.238128 8.58584 0 0.340183 8.14779 0
0.340183 3.37301 0 0.374201 3.46062 0
2.72146 14.2805 0 2.72146 14.7186 0
10.6477 6.92124 0 10.7158 6.35177 0
10.0014 11.3456 0 10.1034 11.3018 0
8.70868 6.83363 0 8.70868 7.35929 0
3.46986 16.8212 0 3.60594 16.646 0
9.59315 8.71726 0 9.59315 8.49823 0
14.0495 9.0677 0 14.866 9.1115 0
10.3075 15.6823 0 10.3075 16.5584 0
8.64064 11.0389 0 8.64064 11.3456 0
8.74269 7.57832 0 8.9468 7.57832 0
14.2537 4.55575 0 14.6959 4.1177 0
7.99429 19.581 0 7.99429 19.6686 0
6.05525 7.62212 0 6.49749 7.62212 0
5.13676 9.63717 0 5.47694 9.72478 0
4.18425 4.77478 0 4.21826 4.68717 0
9.55913 2.97876 0 9.93333 3.37301 0
7.27991 13.4044 0 7.38196 13.273 0
10.1034 11.7836 0 10.2055 11.3894 0
2.21119 9.68097 0 2.34726 9.68097 0
8.5726 9.41814 0 9.04886 9.50575 0
1.19064 8.93628 0 1.63288 8.93628 0
3.02763 14.631 0 3.09566 14.8938 0
10.1374 7.53451 0 10.1374 6.78982 0
1.29269 9.41814 0 1.29269 9.1115 0
5.10274 1.18274 0 5.10274 1.27035 0
6.15731 13.3168 0 6.19132 13.2292 0
8.16438 12.3531 0 8.33447 12.1779 0
5.64703 12.2217 0 5.68105 12.5283 0
3.5379 19.1867 0 3.57192 19.7124 0
1.08858 9.98761 0 1.59886 9.9 0
14.4918 4.73097 0 14.5598 4.59956 0
10.1034 0.788496 0 10.1034 1.22655 0
3.19772 15.5947 0 4.15023 16.4708 0
2.82352 15.7699 0 2.82352 15.9013 0
1.25868 9.59336 0 1.25868 9.28673 0
6.02123 7.53451 0 6.3274 7.53451 0
10.2395 7.49071 0 10.3756 7.31549 0
12.7228 6.43938 0 12.961 6.48319 0
12.7568 6.39558 0 12.961 6.43938 0
3.40183 7.4031 0 3.46986 7.35929 0
8.81073 2.4969 0 9.38904 2.58451 0
8.70868 6.26416 0 9.38904 6.13274 0
4.76256 12.3531 0 5.54498 13.4482 0
4.11621 5.7823 0 4.52443 6.00133 0
8.87877 18.3982 0 8.9468 17.5221 0
9.93333 11.5208 0 10.0014 11.5646 0
3.5379 18.6173 0 3.57192 19.2305 0
8.23242 11.6522 0 8.33447 11.6522 0
1.08858 9.54956 0 1.22466 9.72478 0
6.19132 14.2367 0 8.64064 16.9527 0
4.89863 7.22788 0 4.93265 7.00885 0
7.45 6.26416 0 7.48402 6.04513 0
9.55913 6.35177 0 9.59315 6.13274 0
4.89863 1.57699 0 5.0347 1.27035 0
8.5726 6.78982 0 9.15091 6.35177 0
4.01415 7.57832 0 4.08219 7.57832 0
4.96667 10.9075 0 5.00068 10.2942 0
9.8653 0.569469 0 10.2395 0.876106 0
5.74909 0.481858 0 5.74909 0.0438053 0
0.136073 5.34425 0 0.272146 5.34425 0
13.4712 10.5571 0 13.5053 11.4332 0
14.6959 3.98628 0 14.866 3.81106 0
6.15731 6.26416 0 6.15731 6.04513 0
5.88516 6.65841 0 5.98721 7.49071 0
7.51804 12.1779 0 7.58607 12.0903 0
14.3217 6.78982 0 14.4578 6.78982 0
13.063 5.69469 0 13.1651 5.69469 0
4.79658 6.39558 0 5.06872 6.26416 0
6.12329 7.66593 0 6.29338 7.70973 0
5.4089 6.48319 0 5.81712 6.6146 0
13.1311 6.96504 0 13.6073 6.92124 0
4.52443 8.41062 0 4.76256 8.41062 0
7.0758 15.1128 0 7.10982 15.2004 0
1.39475 7.22788 0 1.53082 7.22788 0
2.31324 8.41062 0 2.31324 8.32301 0
2.31324 8.45442 0 2.55137 8.45442 0
1.29269 8.14779 0 1.46279 8.10398 0
10.1034 16.0327 0 10.1034 15.2881 0
2.95959 13.5358 0 2.99361 13.7549 0
4.21826 5.47566 0 4.25228 5.03761 0
3.40183 16.1642 0 3.50388 16.9527 0
13.1651 6.22035 0 13.4032 6.52699 0
2.4153 9.19911 0 2.55137 8.93628 0
10.2735 8.45442 0 10.6817 8.58584 0
4.04817 5.82611 0 4.15023 5.82611 0
0.136073 8.2792 0 0.340183 8.2792 0
7.48402 12.1341 0 7.65411 12.0903 0
7.27991 19.2743 0 7.65411 19.7562 0
7.62009 6.35177 0 7.96027 6.22035 0
2.61941 9.37434 0 2.68744 9.50575 0
13.2331 4.73097 0 14.866 3.2854 0
4.83059 8.89248 0 5.13676 9.41814 0
1.39475 7.14026 0 1.56484 7.14026 0
7.04178 5.38805 0 7.24589 5.30044 0
6.7016 5.7385 0 7.24589 5.7385 0
4.62648 2.05885 0 4.79658 1.6208 0
1.871 9.9 0 1.90502 10.119 0
2.48333 8.41062 0 2.48333 7.49071 0
10.0014 16.865 0 10.0014 17.8726 0
5.54498 0.613274 0 5.64703 0.613274 0
5.9532 17.3907 0 7.24589 19.0553 0
1.22466 8.84867 0 1.56484 8.98009 0
9.45708 6.35177 0 9.55913 6.13274 0
14.1176 6.78982 0 14.2877 6.83363 0
4.15023 7.92876 0 4.21826 7.92876 0
3.57192 16.6022 0 3.63995 16.9527 0
8.98082 7.92876 0 8.98082 7.62212 0
4.18425 3.15398 0 4.2863 3.19779 0
6.90571 6.52699 0 7.34795 6.48319 0
2.85753 14.1929 0 2.85753 13.5358 0
9.76324 17.5221 0 9.79726 17.1279 0
11.9064 6.96504 0 11.9744 6.96504 0
9.08288 7.97257 0 9.15091 7.75354 0
10.3756 7.14026 0 10.4096 7.22788 0
7.38196 12.0027 0 7.48402 11.8274 0
10.4096 12.0027 0 10.4096 13.4044 0
9.59315 6.5708 0 9.59315 6.30796 0
9.76324 8.19159 0 9.76324 7.97257 0
13.6413 10.3819 0 13.6413 10.2942 0
14.1176 9.1115 0 14.2537 9.1115 0
3.5379 18.442 0 3.67397 18.223 0
8.06233 16.208 0 8.60662 16.7774 0
4.86461 8.32301 0 4.89863 7.79734 0
6.93973 11.7836 0 7.00776 11.9588 0
8.60662 11.1265 0 9.25297 9.9438 0
7.0758 6.74602 0 7.17785 6.52699 0
14.5258 9.1115 0 14.7299 9.02389 0
9.62717 6.78982 0 9.66119 6.13274 0
10.5797 5.7385 0 10.7498 5.34425 0
4.18425 3.37301 0 4.21826 3.24159 0
2.31324 9.0677 0 2.34726 8.89248 0
9.72922 8.2792 0 9.72922 7.70973 0
10.6477 6.30796 0 10.7158 6.65841 0
2.85753 15.8575 0 2.99361 15.6385 0
6.02123 7.4031 0 6.08927 5.95752 0
3.63995 17.5221 0 3.67397 17.7411 0
4.01415 6.87743 0 4.15023 6.65841 0
10.1715 13.0978 0 10.2055 12.0027 0
6.83767 13.5358 0 6.93973 13.5358 0
2.44932 9.59336 0 2.44932 9.0677 0
5.06872 5.69469 0 5.54498 4.77478 0
2.55137 15.2881 0 2.75548 15.8137 0
0.442237 7.70973 0 0.510274 7.70973 0
7.14384 12.0027 0 7.31393 11.7398 0
0.442237 7.75354 0 0.612329 7.92876 0
1.32671 8.01637 0 1.46279 8.01637 0
4.38836 8.32301 0 4.6605 8.36681 0
8.5726 9.68097 0 8.81073 9.76858 0
13.5733 5.95752 0 13.6753 5.86991 0
3.09566 13.0978 0 3.09566 12.4845 0
11.192 6.6146 0 11.4982 6.6146 0
10.5457 6.83363 0 10.5457 5.91372 0
5.81712 10.6885 0 6.05525 11.1265 0
3.46986 9.0677 0 3.57192 9.0677 0
4.04817 7.70973 0 4.11621 7.70973 0
11.6002 6.87743 0 11.7023 6.5708 0
8.26644 6.22035 0 8.33447 6.30796 0
4.76256 6.30796 0 4.96667 6.26416 0
4.18425 7.4031 0 4.35434 7.4469 0
4.11621 12.9664 0 4.2863 12.7473 0
4.49041 16.7336 0 5.91918 17.3907 0
7.96027 2.27788 0 9.18493 2.4969 0
8.9468 17.8288 0 8.9468 17.6973 0
3.12968 14.631 0 3.1637 14.8938 0
14.0836 8.54204 0 14.866 8.49823 0
3.63995 9.02389 0 3.87808 8.71726 0
12.2126 4.51195 0 12.8589 4.38053 0
5.06872 5.82611 0 5.74909 6.08894 0
10.2055 7.35929 0 10.2055 7.49071 0
3.40183 15.8575 0 3.40183 15.7261 0
9.89931 13.7111 0 10.2055 14.0177 0
8.40251 19.0115 0 8.74269 18.7925 0
6.25936 13.5358 0 6.3274 13.492 0
3.5379 18.4858 0 3.67397 18.3106 0
8.67466 7.09646 0 8.84475 7.09646 0
2.99361 13.5358 0 3.09566 13.6673 0
6.49749 11.1265 0 6.63356 11.3894 0
4.2863 2.58451 0 4.38836 2.23407 0
10.7158 7.00885 0 11.0219 7.00885 0
1.36073 7.70973 0 1.56484 7.70973 0
1.32671 7.88496 0 1.59886 8.36681 0
8.5726 2.40929 0 8.64064 2.36549 0
7.48402 7.70973 0 7.65411 7.62212 0
7.38196 6.04513 0 7.75616 6.39558 0
11.124 5.16903 0 11.2941 4.9938 0
8.43653 19.7124 0 8.43653 19.0553 0
9.38904 5.56327 0 9.55913 5.43186 0
0.102055 8.71726 0 0.238128 8.54204 0
13.6413 5.7823 0 13.7434 5.7385 0
8.87877 5.95752 0 9.21895 6.39558 0
7.92626 11.8274 0 8.53858 11.477 0
14.5598 9.24292 0 14.7639 9.02389 0
10.4436 6.65841 0 10.7498 6.96504 0
10.2055 1.97124 0 10.2055 2.32168 0
5.10274 8.89248 0 5.17078 8.84867 0
13.063 5.65088 0 13.2671 5.91372 0
2.82352 13.8863 0 2.82352 13.6235 0
8.84475 6.52699 0 8.87877 6.30796 0
10.4436 7.09646 0 10.4776 6.6146 0
13.5733 11.477 0 13.5733 11.6522 0
2.14315 8.2354 0 2.55137 8.76106 0
1.36073 7.57832 0 1.53082 7.35929 0
9.38904 6.35177 0 9.42306 6.13274 0
5.74909 13.5796 0 5.74909 13.492 0
8.1984 2.27788 0 8.47055 2.40929 0
5.44292 4.81858 0 5.51096 4.73097 0
1.73493 8.76106 0 2.55137 8.84867 0
9.62717 5.47566 0 9.66119 5.38805 0
1.36073 7.53451 0 1.53082 7.4469 0
4.08219 7.79734 0 4.15023 7.79734 0
14.2537 5.21283 0 14.3217 5.21283 0
13.4372 6.26416 0 13.5053 6.26416 0
5.06872 12.8788 0 5.10274 12.7912 0
5.10274 8.84867 0 5.47694 9.68097 0
2.89155 13.5358 0 3.02763 13.7111 0
6.80365 6.04513 0 7.34795 6.04513 0
6.80365 7.97257 0 7.51804 7.88496 0
7.8242 7.75354 0 8.1984 7.18407 0
4.04817 8.62965 0 4.15023 8.62965 0
5.27283 9.9 0 5.27283 9.76858 0
11.26 6.48319 0 11.4301 6.30796 0
9.59315 6.70221 0 9.93333 6.08894 0
1.36073 7.31549 0 1.53082 7.31549 0
9.79726 3.3292 0 9.8653 3.76726 0
3.98014 12.9664 0 4.25228 12.7473 0
8.87877 17.5221 0 8.87877 18.3106 0
6.22534 17.6097 0 6.76963 18.3106 0
6.93973 6.30796 0 6.97374 6.78982 0
8.64064 7.00885 0 9.04886 6.22035 0
6.66758 11.696 0 6.87169 11.477 0
0.646347 8.14779 0 0.714384 8.10398 0
2.68744 14.5872 0 2.68744 14.4119 0
9.45708 6.30796 0 9.89931 6.52699 0
8.26644 12.1779 0 8.33447 12.1341 0
4.86461 9.28673 0 5.20479 9.1115 0
1.19064 9.9438 0 1.22466 9.46195 0
5.71507 10.6885 0 5.88516 10.4257 0
5.0347 8.98009 0 5.20479 9.81239 0
7.72215 15.8137 0 7.8242 16.0765 0
10.0694 16.3832 0 10.0694 16.8212 0
8.50457 9.41814 0 8.67466 9.46195 0
5.0347 6.83363 0 5.13676 6.30796 0
5.27283 9.9438 0 5.64703 10.0314 0
6.46347 7.88496 0 7.27991 7.97257 0
0.0680365 7.18407 0 0.170091 8.2354 0
4.11621 8.58584 0 4.18425 8.58584 0
12.6548 6.65841 0 12.8929 6.35177 0
3.02763 13.4482 0 3.02763 13.1416 0
8.43653 18.442 0 8.70868 19.0115 0
8.81073 7.18407 0 9.08288 7.92876 0
13.9135 5.21283 0 13.9475 5.30044 0
14.5258 4.68717 0 14.5598 4.33673 0
1.36073 7.62212 0 1.56484 7.66593 0
6.36142 11.3456 0 6.59954 11.2142 0
10.1034 11.8712 0 10.2395 11.477 0
6.29338 13.5796 0 6.73562 13.6235 0
13.063 5.38805 0 13.2671 6.13274 0
9.52511 8.01637 0 9.62717 7.79734 0
14.6279 9.33053 0 14.7639 9.28673 0
7.99429 6.5708 0 8.09635 6.22035 0
6.08927 17.4783 0 6.87169 18.4858 0
5.17078 1.18274 0 5.51096 0.65708 0
10.9879 7.05265 0 11.2941 6.65841 0
0.0340183 7.18407 0 0.0340183 7.31549 0
4.18425 3.19779 0 4.32032 2.32168 0
5.06872 12.3969 0 5.27283 12.6159 0
6.53151 11.1265 0 6.93973 11.6522 0
10.0354 3.06637 0 10.0354 2.93496 0
9.72922 6.87743 0 9.72922 6.17655 0
1.4968 7.18407 0 1.53082 7.57832 0
9.96735 17.6973 0 9.96735 17.8288 0
9.76324 15.3319 0 9.79726 15.9889 0
5.0347 6.74602 0 5.10274 6.26416 0
12.5868 6.92124 0 12.6548 6.92124 0
9.62717 -6.15348e-015 0 9.66119 0.262832 0
13.097 5.34425 0 13.5733 4.86239 0
1.22466 9.98761 0 1.80297 9.9 0
6.90571 5.43186 0 7.0758 5.34425 0
3.43584 13.054 0 3.70799 13.0978 0
14.5598 9.28673 0 14.7299 9.33053 0
11.9744 4.95 0 12.0425 4.73097 0
3.29977 14.631 0 3.29977 14.8062 0
5.23881 5.25664 0 5.51096 4.77478 0
10.0694 18.004 0 10.2395 17.8726 0
1.29269 8.06018 0 1.29269 8.80487 0
2.38128 8.62965 0 2.55137 8.62965 0
9.62717 7.75354 0 9.62717 8.01637 0
0.102055 8.89248 0 0.102055 8.36681 0
5.00068 12.6597 0 5.17078 12.4845 0
6.59954 11.5208 0 6.7016 11.7398 0
0.306164 9.24292 0 0.306164 9.1115 0
9.321 9.72478 0 9.321 9.50575 0
13.6413 4.81858 0 13.7434 4.81858 0
2.7895 14.1929 0 2.89155 14.1053 0
8.67466 18.5296 0 8.77671 17.7411 0
7.65411 7.84115 0 7.72215 7.75354 0
10.1715 0.788496 0 10.1715 0.919911 0
3.40183 16.5146 0 3.5379 17.2593 0
9.38904 5.86991 0 9.45708 5.86991 0
9.35502 0.0438053 0 9.42306 0.525664 0
4.21826 13.0978 0 4.38836 12.835 0
10.5797 8.62965 0 10.6817 8.62965 0
8.09635 7.22788 0 8.84475 6.00133 0
7.24589 13.4044 0 7.31393 13.3168 0
2.55137 15.2004 0 3.02763 14.85 0
9.38904 -6.15348e-015 0 9.45708 0.481858 0
11.4642 6.78982 0 11.6002 6.39558 0
2.99361 14.9376 0 3.26575 14.5872 0
6.42945 11.477 0 6.53151 11.477 0
1.39475 7.09646 0 1.56484 7.09646 0
7.14384 7.09646 0 7.21187 7.14026 0
5.91918 10.4695 0 5.98721 10.6885 0
4.93265 7.05265 0 5.06872 7.00885 0
2.27922 9.02389 0 2.4153 8.67345 0
14.0836 8.62965 0 14.1856 8.71726 0
10.8178 8.89248 0 11.0559 8.67345 0
13.7774 6.17655 0 13.8795 6.13274 0
9.72922 5.43186 0 9.8653 5.38805 0
10.0694 11.6522 0 10.0694 11.7836 0
9.55913 2.80354 0 9.62717 3.11018 0
7.92626 6.39558 0 8.33447 6.70221 0
4.45639 2.14646 0 4.59247 2.10265 0
1.32671 9.0677 0 1.32671 9.24292 0
3.5379 19.0553 0 3.63995 18.7049 0
9.79726 6.78982 0 10.0354 6.04513 0
5.7831 10.7323 0 5.7831 10.2942 0
9.76324 7.70973 0 9.79726 6.92124 0
1.42877 8.84867 0 1.42877 8.14779 0
12.9269 4.42434 0 13.097 4.68717 0
8.5726 6.74602 0 8.60662 6.52699 0
13.5053 5.03761 0 13.9135 4.55575 0
6.90571 5.38805 0 7.51804 5.51947 0
7.17785 11.7836 0 7.48402 11.7836 0
9.8653 8.36681 0 10.2055 8.36681 0
8.74269 7.18407 0 8.84475 7.05265 0
9.62717 6.17655 0 9.76324 6.08894 0
3.33379 14.7624 0 3.46986 14.7624 0
4.42237 7.62212 0 4.72854 7.62212 0
5.81712 6.30796 0 6.83767 6.17655 0
6.90571 6.35177 0 7.21187 6.65841 0
9.11689 10.119 0 9.25297 9.98761 0
10.1034 18.004 0 10.2395 17.9164 0
2.58539 15.5509 0 2.99361 15.9889 0
7.45 12.0903 0 7.58607 11.8274 0
4.96667 11.3894 0 5.00068 12.0903 0
12.1785 4.55575 0 12.4847 4.46814 0
1.56484 8.49823 0 1.63288 8.32301 0
3.94612 16.208 0 4.35434 16.646 0
6.02123 10.7761 0 6.3274 11.0827 0
-1.53837e-015 3.67965 0 0.408219 3.3292 0
5.71507 5.86991 0 5.81712 5.95752 0
5.17078 8.89248 0 5.34087 9.63717 0
1.871 10.2504 0 2.17717 9.72478 0
12.6888 6.52699 0 13.1991 6.22035 0
2.44932 7.79734 0 2.68744 7.35929 0
1.66689 8.36681 0 1.73493 8.32301 0
5.85114 10.8199 0 6.05525 10.7323 0
2.68744 9.46195 0 2.68744 9.37434 0
3.5379 13.2292 0 3.5379 13.0978 0
3.43584 16.6022 0 3.81005 16.1204 0
1.08858 9.28673 0 1.15662 9.19911 0
5.68105 13.4482 0 6.36142 14.3243 0
2.82352 7.35929 0 3.02763 7.4031 0
10.5797 6.83363 0 10.7158 6.52699 0
13.7434 12.0903 0 13.9475 12.7912 0
3.98014 12.9226 0 4.21826 12.9664 0
13.8454 6.08894 0 14.0155 5.91372 0
3.06164 7.4031 0 3.23173 7.35929 0
8.84475 7.79734 0 8.91279 7.79734 0
10.0014 0.963717 0 10.0014 0.65708 0
10.4436 12.3093 0 10.4436 12.3969 0
3.57192 16.7336 0 3.63995 17.0841 0
10.0694 2.84735 0 10.0694 2.97876 0
6.12329 7.70973 0 6.3274 7.75354 0
7.38196 6.08894 0 7.65411 6.08894 0
9.42306 2.75973 0 9.42306 2.62832 0
3.1637 12.3531 0 3.1637 12.4407 0
11.8043 4.95 0 11.9404 4.9938 0
2.99361 13.5796 0 3.09566 13.7111 0
0.408219 7.66593 0 0.476256 7.62212 0
6.53151 13.6673 0 7.68813 13.1416 0
7.65411 7.57832 0 7.8242 7.70973 0
5.06872 5.7823 0 5.06872 5.56327 0
3.12968 12.7473 0 3.12968 12.8788 0
5.44292 5.95752 0 6.05525 5.95752 0
5.88516 7.05265 0 6.02123 7.00885 0
6.93973 5.7823 0 7.14384 5.7823 0
13.1311 6.22035 0 13.4712 6.96504 0
10.1374 13.3606 0 10.2055 13.1854 0
13.3352 6.6146 0 13.4372 6.43938 0
7.10982 6.83363 0 7.51804 6.04513 0
10.0354 2.54071 0 10.0354 2.4531 0
4.18425 3.81106 0 4.21826 3.54823 0
2.38128 9.19911 0 2.51735 8.98009 0
3.43584 7.4031 0 3.50388 7.35929 0
5.34087 0.963717 0 5.71507 0.481858 0
4.18425 7.84115 0 4.18425 8.01637 0
8.36849 12.0903 0 8.36849 11.915 0
8.67466 9.37434 0 8.84475 9.37434 0
9.83128 7.4031 0 9.83128 6.30796 0
4.38836 7.49071 0 4.59247 7.70973 0
4.15023 7.31549 0 4.69452 7.4469 0
0.272146 9.28673 0 0.272146 9.02389 0
4.15023 2.97876 0 4.21826 3.02257 0
2.51735 7.4469 0 2.65342 7.4469 0
13.3352 6.48319 0 14.1516 4.73097 0
3.36781 16.208 0 3.50388 16.0765 0
8.84475 7.66593 0 9.69521 7.79734 0
9.59315 0.350442 0 9.59315 0.481858 0
9.35502 5.86991 0 9.8653 5.86991 0
9.72922 16.0327 0 9.79726 17.6973 0
3.33379 16.1642 0 3.36781 15.8137 0
11.4982 6.83363 0 11.6683 6.52699 0
9.11689 17.4345 0 9.18493 17.5221 0
1.36073 7.4469 0 1.46279 6.83363 0
6.49749 11.4332 0 6.63356 11.696 0
3.57192 16.3832 0 3.60594 16.4708 0
4.45639 6.08894 0 4.55845 5.7823 0
11.4301 6.65841 0 11.5322 6.30796 0
7.72215 12.1779 0 8.50457 11.8274 0
12.1105 6.96504 0 12.1785 6.96504 0
5.51096 10.1628 0 5.579 9.98761 0
10.4776 6.17655 0 10.6137 6.43938 0
5.00068 11.7398 0 5.00068 11.8274 0
6.80365 6.6146 0 7.27991 6.92124 0
6.63356 11.3018 0 6.66758 11.3894 0
10.6137 5.7823 0 10.8858 5.21283 0
12.7909 4.42434 0 12.995 4.46814 0
9.8653 13.9301 0 9.8653 13.7987 0
6.90571 7.14026 0 7.00776 7.09646 0
3.43584 16.0765 0 3.60594 16.3394 0
6.05525 6.30796 0 6.05525 6.52699 0
13.6413 11.8712 0 13.6413 11.7398 0
5.47694 4.81858 0 5.47694 4.73097 0
13.6753 4.77478 0 13.8454 4.73097 0
12.2466 6.96504 0 12.3146 6.96504 0
4.89863 9.81239 0 4.93265 9.28673 0
6.29338 5.95752 0 6.73562 5.95752 0
7.96027 11.8712 0 8.06233 11.7836 0
3.09566 13.5358 0 3.1637 13.6235 0
7.85822 6.39558 0 7.99429 6.65841 0
3.43584 16.5146 0 3.60594 16.2956 0
10.5797 6.65841 0 10.5797 6.26416 0
0.136073 8.49823 0 0.510274 7.92876 0
2.58539 15.1128 0 3.09566 14.631 0
8.13037 6.65841 0 8.30046 6.22035 0
5.37489 10.119 0 5.47694 10.1628 0
13.7434 6.30796 0 14.2877 5.25664 0
10.1715 11.3018 0 10.3416 12.0027 0
10.2055 1.31416 0 10.2055 1.6646 0
3.50388 17.785 0 3.63995 18.5735 0
3.26575 15.7261 0 3.33379 15.6823 0
10.4096 7.18407 0 10.4096 7.00885 0
11.158 6.92124 0 11.5662 6.39558 0
6.02123 6.78982 0 6.02123 6.96504 0
8.1984 12.4407 0 8.23242 12.2217 0
5.34087 13.0978 0 5.579 13.492 0
6.93973 18.7487 0 7.68813 19.7124 0
8.1984 19.7124 0 8.60662 19.3181 0
5.88516 12.8788 0 6.46347 13.6673 0
13.6073 10.3381 0 13.7434 10.2504 0
1.63288 10.4695 0 1.97306 9.9438 0
1.83699 9.9 0 1.90502 9.9 0
9.93333 2.58451 0 10.0694 2.4969 0
13.6753 6.70221 0 13.7434 6.70221 0
3.60594 17.0403 0 3.67397 17.3031 0
8.74269 7.53451 0 8.91279 7.88496 0
9.52511 5.43186 0 9.69521 5.43186 0
1.63288 10.4257 0 1.73493 10.2504 0
10.2055 8.41062 0 10.2735 8.36681 0
8.74269 7.49071 0 8.77671 7.4031 0
-1.53837e-015 3.63584 0 0.238128 3.59204 0
4.59247 7.66593 0 4.93265 7.22788 0
11.5322 4.95 0 11.6683 4.9938 0
9.25297 7.79734 0 9.28699 7.97257 0
7.75616 7.35929 0 7.96027 7.57832 0
9.89931 6.39558 0 9.89931 6.30796 0
12.6548 6.70221 0 12.6888 6.87743 0
4.2863 5.91372 0 4.32032 5.82611 0
14.2196 4.38053 0 14.3897 4.1615 0
0.748402 5.7823 0 0.816438 5.7823 0
9.79726 7.62212 0 9.79726 7.27168 0
8.84475 17.5221 0 8.84475 18.442 0
1.70091 8.71726 0 2.00708 8.71726 0
1.59886 8.62965 0 1.66689 8.58584 0
12.3486 6.96504 0 12.6208 6.96504 0
4.04817 6.87743 0 4.21826 6.26416 0
2.95959 14.9376 0 3.23173 14.5872 0
2.75548 9.54956 0 2.92557 9.50575 0
8.06233 19.4496 0 8.06233 19.5372 0
7.68813 7.84115 0 8.26644 7.00885 0
10.0694 11.3456 0 10.1034 11.258 0
0.20411 8.19159 0 0.20411 7.79734 0
10.7498 5.43186 0 10.8178 5.25664 0
5.61301 10.3381 0 5.61301 10.5571 0
11.5662 6.35177 0 11.7023 6.92124 0
6.05525 7.4469 0 6.15731 7.4031 0
3.57192 8.98009 0 3.94612 8.71726 0
4.32032 8.49823 0 4.35434 8.14779 0
2.07511 9.98761 0 2.14315 9.72478 0
10.1374 1.70841 0 10.1374 2.84735 0
4.25228 7.14026 0 4.35434 7.18407 0
1.42877 6.87743 0 1.53082 7.05265 0
1.32671 8.10398 0 1.70091 8.36681 0
8.60662 17.1717 0 8.60662 16.9527 0
8.09635 19.2743 0 8.09635 19.4496 0
9.93333 3.54823 0 9.93333 3.63584 0
2.7895 14.85 0 3.06164 14.631 0
5.68105 13.5358 0 5.7831 13.5358 0
14.2877 4.46814 0 14.866 3.85487 0
5.30685 9.98761 0 5.54498 9.9 0
3.36781 13.0978 0 3.67397 13.0978 0
6.19132 13.4044 0 6.39543 13.6673 0
8.91279 5.91372 0 8.98082 5.91372 0
0.612329 5.51947 0 0.918493 5.91372 0
2.72146 7.35929 0 2.82352 7.4031 0
10.3416 7.27168 0 10.3416 7.4031 0
4.15023 2.4969 0 4.25228 2.4969 0
6.42945 11.3894 0 6.46347 11.5208 0
3.50388 19.4496 0 3.57192 19.2743 0
2.55137 15.3319 0 2.58539 15.5071 0
13.5053 10.4695 0 13.5053 10.6447 0
4.18425 3.94248 0 4.25228 5.7823 0
10.8518 6.96504 0 11.192 6.65841 0
0.238128 5.38805 0 0.544292 5.47566 0
14.5938 9.02389 0 14.866 9.0677 0
5.10274 5.56327 0 5.17078 5.56327 0
8.50457 18.223 0 8.50457 18.004 0
6.59954 14.631 0 8.60662 16.8212 0
4.21826 7.88496 0 4.21826 8.01637 0
4.6605 8.45442 0 4.79658 8.45442 0
5.06872 12.7473 0 5.27283 12.6597 0
4.62648 6.22035 0 4.72854 6.17655 0
5.00068 6.30796 0 5.06872 6.30796 0
5.0347 6.35177 0 5.27283 6.35177 0
9.15091 6.70221 0 9.15091 6.78982 0
1.59886 8.2354 0 1.59886 8.32301 0
8.74269 7.31549 0 8.81073 7.14026 0
8.13037 19.3619 0 8.16438 19.0991 0
0.20411 8.93628 0 0.238128 9.1115 0
10.4096 8.54204 0 10.4436 8.45442 0
3.57192 7.35929 0 4.04817 7.49071 0
5.68105 10.0752 0 5.68105 10.2066 0
7.99429 7.53451 0 8.23242 7.09646 0
0.136073 8.98009 0 0.136073 8.2354 0
4.42237 12.835 0 4.42237 12.9226 0
0.57831 5.60708 0 0.646347 5.60708 0
8.33447 6.22035 0 8.5726 6.5708 0
6.15731 7.70973 0 6.29338 7.57832 0
7.17785 5.51947 0 7.38196 5.51947 0
3.5379 9.02389 0 3.70799 8.98009 0
13.063 5.47566 0 13.097 5.7385 0
5.9532 10.9951 0 5.9532 10.9075 0
1.25868 8.89248 0 1.25868 8.36681 0
8.98082 10.3819 0 9.04886 10.3819 0
6.49749 11.5208 0 6.63356 11.5646 0
5.81712 10.7323 0 6.02123 10.6447 0
3.29977 7.35929 0 3.5379 7.4031 0
4.18425 3.50442 0 4.25228 3.2854 0
4.86461 7.92876 0 4.86461 7.79734 0
8.60662 6.96504 0 8.77671 7.35929 0
14.6959 3.94248 0 14.832 3.81106 0
2.95959 7.35929 0 3.23173 7.4031 0
4.42237 16.6898 0 4.52443 16.646 0
9.38904 8.01637 0 9.52511 7.97257 0
1.80297 9.9438 0 1.871 10.1628 0
8.26644 19.5372 0 8.5726 19.4058 0
5.00068 11.1265 0 5.0347 10.9513 0
3.50388 18.0478 0 3.63995 18.9239 0
2.99361 15.6823 0 3.06164 15.5947 0
1.46279 7.53451 0 1.56484 7.57832 0
2.44932 8.2354 0 2.44932 7.66593 0
5.64703 10.6009 0 5.64703 10.4695 0
1.46279 6.96504 0 1.56484 7.00885 0
9.69521 5.38805 0 9.8653 5.43186 0
8.13037 10.6009 0 8.1984 10.5571 0
11.6342 6.48319 0 11.7363 6.70221 0
9.8653 6.13274 0 9.93333 6.26416 0
4.2863 13.054 0 4.49041 12.9226 0
1.39475 7.57832 0 1.4968 7.97257 0
10.2395 17.8288 0 10.2395 17.6097 0
6.90571 11.8274 0 7.00776 11.696 0
3.60594 16.2518 0 3.74201 16.0765 0
3.40183 13.2292 0 3.43584 13.3168 0
9.15091 10.2066 0 9.18493 10.119 0
7.38196 13.3168 0 7.45 13.3168 0
8.53858 18.0916 0 8.5726 17.3907 0
13.6413 4.90619 0 14.1516 4.33673 0
8.67466 10.9513 0 8.84475 10.7761 0
5.44292 17.2155 0 5.9532 17.4345 0
4.15023 2.4531 0 4.25228 2.4531 0
0.476256 7.84115 0 0.612329 7.97257 0
8.16438 2.32168 0 8.47055 2.4531 0
10.2735 6.13274 0 10.3075 6.22035 0
5.06872 1.22655 0 5.7831 0.350442 0
13.7094 12.2217 0 13.7774 12.2217 0
3.5379 15.8575 0 3.60594 16.1204 0
13.029 6.26416 0 13.2671 6.39558 0
10.7158 8.80487 0 10.7838 8.80487 0
9.62717 8.36681 0 9.69521 8.36681 0
3.36781 13.273 0 3.60594 13.1854 0
4.11621 16.4708 0 4.45639 16.6022 0
5.74909 12.4845 0 5.74909 12.6597 0
14.0836 5.56327 0 14.2877 5.30044 0
4.93265 10.2942 0 4.96667 9.85619 0
5.64703 10.119 0 5.81712 10.4695 0
4.25228 7.35929 0 4.72854 7.53451 0
9.11689 7.97257 0 9.25297 7.92876 0
8.64064 6.48319 0 8.84475 7.00885 0
3.12968 9.37434 0 3.26575 9.19911 0
10.1034 6.83363 0 10.1034 7.35929 0
2.75548 14.2367 0 2.7895 14.9814 0
8.60662 19.2743 0 8.67466 18.8801 0
9.59315 6.74602 0 9.76324 6.74602 0
3.06164 15.9889 0 3.29977 15.7699 0
7.10982 5.47566 0 7.31393 5.38805 0
13.1311 5.7823 0 13.1991 5.7823 0
3.50388 18.6173 0 3.50388 18.8363 0
6.39543 11.3894 0 6.56553 11.3018 0
9.38904 2.62832 0 9.38904 2.71593 0
5.68105 6.04513 0 5.9532 6.26416 0
6.15731 11.1265 0 6.3274 10.9951 0
7.14384 13.4482 0 7.21187 13.4044 0
8.16438 11.7836 0 8.23242 11.7398 0
9.96735 2.58451 0 9.96735 2.4969 0
10.0694 16.208 0 10.0694 16.3394 0
3.50388 17.4345 0 3.60594 17.9602 0
8.60662 6.78982 0 8.67466 7.05265 0
5.7831 6.6146 0 5.7831 6.70221 0
7.10982 19.0115 0 7.65411 19.7124 0
8.70868 9.46195 0 8.87877 9.37434 0
5.85114 13.5796 0 5.9532 13.8425 0
11.0219 6.96504 0 11.09 6.87743 0
7.89224 6.96504 0 8.02831 6.87743 0
9.89931 13.7987 0 10.1715 13.7987 0
7.65411 13.1854 0 8.09635 12.6159 0
13.8795 12.7473 0 13.9135 12.835 0
1.66689 8.67345 0 1.73493 8.67345 0
9.4911 2.84735 0 9.4911 2.71593 0
11.6002 4.95 0 11.9404 4.95 0
1.15662 9.50575 0 1.15662 9.1115 0
9.62717 6.13274 0 9.79726 6.43938 0
3.46986 16.0765 0 3.57192 16.2518 0
11.0219 8.67345 0 11.0559 8.80487 0
3.40183 13.3168 0 3.50388 13.273 0
9.79726 3.41681 0 9.8653 3.54823 0
3.50388 19.3619 0 3.50388 19.7562 0
6.80365 6.5708 0 6.93973 6.5708 0
7.17785 12.0465 0 7.51804 12.0465 0
0.612329 5.65088 0 0.680365 5.65088 0
6.73562 11.696 0 6.80365 11.7836 0
10.2055 14.7186 0 10.2055 14.0615 0
14.0836 6.87743 0 14.3557 6.74602 0
6.08927 7.27168 0 6.59954 7.92876 0
14.0495 8.98009 0 14.0836 9.1115 0
7.45 19.5372 0 7.58607 19.7124 0
7.96027 11.7836 0 8.16438 11.7398 0
2.4153 9.33053 0 2.4153 9.24292 0
4.86461 9.24292 0 4.86461 9.0677 0
11.7023 6.70221 0 11.7703 6.96504 0
9.8653 3.50442 0 9.89931 3.72345 0
8.30046 18.8801 0 8.47055 19.4934 0
5.7831 6.52699 0 5.81712 6.22035 0
2.51735 8.93628 0 2.51735 8.32301 0
9.35502 0.306637 0 9.38904 0.481858 0
5.91918 7.27168 0 6.08927 7.22788 0
4.08219 7.53451 0 4.2863 7.18407 0
9.28699 9.68097 0 9.28699 9.85619 0
2.51735 7.53451 0 2.72146 7.4031 0
1.39475 8.32301 0 1.39475 8.76106 0
0.170091 8.98009 0 0.170091 8.89248 0
9.76324 6.70221 0 9.79726 6.08894 0
8.91279 9.46195 0 9.01484 9.46195 0
9.4911 9.1115 0 9.4911 8.89248 0
1.80297 10.2942 0 2.48333 9.41814 0
8.47055 19.6686 0 8.50457 19.4496 0
5.71507 10.6009 0 5.85114 10.8637 0
13.4032 6.43938 0 13.4712 6.35177 0
9.66119 3.15398 0 9.76324 3.15398 0
10.9199 6.96504 0 11.09 6.78982 0
13.1651 4.64336 0 13.1651 4.73097 0
9.59315 0.262832 0 9.62717 0.438053 0
9.93333 3.41681 0 9.93333 3.50442 0
3.43584 16.8212 0 3.57192 17.5221 0
14.1176 9.02389 0 14.1516 8.71726 0
7.92626 19.6686 0 7.92626 19.7562 0
4.69452 12.3969 0 4.83059 12.5283 0
10.1374 12.0027 0 10.1374 11.7398 0
5.20479 5.34425 0 5.23881 5.47566 0
1.42877 7.27168 0 1.53082 7.18407 0
4.04817 5.86991 0 4.04817 5.7823 0
10.1034 6.04513 0 10.1034 6.13274 0
4.21826 13.054 0 4.32032 12.7912 0
8.77671 7.00885 0 8.81073 6.5708 0
5.0347 9.28673 0 5.579 10.3381 0
11.26 6.74602 0 11.6002 6.78982 0
9.35502 6.35177 0 9.35502 6.17655 0
10.0014 13.8863 0 10.1715 14.1491 0
7.68813 6.13274 0 7.79018 6.22035 0
10.1715 17.5659 0 10.1715 17.3907 0
9.8653 14.631 0 9.8653 14.1053 0
9.28699 6.35177 0 9.321 6.17655 0
8.91279 10.6447 0 9.01484 10.2942 0
7.89224 6.39558 0 8.02831 6.6146 0
4.32032 2.36549 0 4.72854 1.83982 0
8.02831 19.6248 0 8.02831 19.4934 0
5.37489 13.3168 0 5.51096 13.492 0
2.92557 9.41814 0 3.06164 9.41814 0
0.57831 8.06018 0 0.680365 8.06018 0
7.0758 12.0027 0 7.45 12.0027 0
7.72215 6.13274 0 7.79018 6.13274 0
3.23173 9.33053 0 3.29977 9.19911 0
1.59886 9.9438 0 2.10913 9.9438 0
13.6073 11.7398 0 13.6073 11.6084 0
1.46279 8.2792 0 1.46279 7.92876 0
13.5393 11.5208 0 13.5393 11.3894 0
5.579 9.9438 0 5.88516 10.5571 0
5.61301 6.08894 0 5.98721 6.22035 0
9.15091 7.97257 0 9.18493 7.75354 0
1.4968 8.98009 0 1.59886 8.89248 0
3.02763 15.9451 0 3.12968 16.0327 0
14.7639 9.15531 0 14.832 9.15531 0
4.52443 5.7823 0 4.89863 6.92124 0
10.4096 6.65841 0 10.4776 6.96504 0
9.89931 17.7411 0 9.89931 17.6535 0
9.01484 6.74602 0 9.18493 6.70221 0
6.08927 7.57832 0 6.36142 7.57832 0
6.02123 6.5708 0 6.02123 6.70221 0
4.83059 1.57699 0 4.83059 1.6646 0
0.714384 8.2792 0 0.714384 8.14779 0
7.17785 5.69469 0 7.27991 5.69469 0
9.89931 14.1053 0 9.89931 13.7549 0
3.57192 16.4708 0 3.63995 16.7774 0
9.62717 0.131416 0 9.62717 0.394248 0
1.63288 8.14779 0 1.70091 8.14779 0
10.0694 1.00752 0 10.2395 0.919911 0
4.89863 7.31549 0 5.0347 7.05265 0
5.17078 13.0102 0 5.23881 12.9664 0
5.61301 12.2655 0 6.29338 13.4044 0
9.72922 3.2854 0 9.72922 3.11018 0
3.84406 13.054 0 3.9121 12.9664 0
9.11689 6.22035 0 9.42306 6.35177 0
1.1226 9.54956 0 1.1226 9.19911 0
8.53858 9.63717 0 8.77671 9.72478 0
13.1991 5.21283 0 13.2671 5.25664 0
5.91918 10.9513 0 6.05525 10.7761 0
6.49749 11.5646 0 6.56553 11.5208 0
5.0347 12.0027 0 5.06872 12.3531 0
7.00776 6.78982 0 7.34795 6.6146 0
4.15023 7.88496 0 4.15023 7.75354 0
5.00068 9.1115 0 5.20479 9.15531 0
5.98721 6.30796 0 6.36142 6.26416 0
7.58607 7.62212 0 7.75616 7.79734 0
4.18425 13.054 0 4.38836 12.8788 0
11.26 6.5708 0 11.2941 6.70221 0
7.75616 10.7323 0 7.96027 10.5571 0
7.55205 13.273 0 8.16438 12.4845 0
2.75548 14.9814 0 2.89155 14.8938 0
12.961 4.42434 0 13.1311 4.64336 0
13.7434 6.48319 0 13.7774 6.22035 0
4.18425 3.63584 0 4.18425 3.41681 0
7.75616 10.6885 0 7.8242 10.6009 0
7.68813 2.36549 0 8.09635 2.32168 0
4.04817 7.53451 0 4.11621 7.88496 0
13.1651 6.39558 0 13.2331 6.35177 0
10.7498 8.89248 0 10.9199 8.89248 0
9.69521 7.00885 0 9.69521 6.78982 0
5.37489 4.95 0 5.44292 4.86239 0
5.00068 11.1704 0 5.00068 11.258 0
9.321 7.79734 0 9.35502 7.97257 0
7.72215 10.6447 0 7.79018 10.6885 0
13.7774 6.30796 0 13.7774 6.48319 0
9.66119 6.43938 0 9.79726 6.65841 0
6.53151 6.43938 0 6.7016 6.35177 0
2.85753 15.9013 0 2.89155 15.6823 0
10.3416 6.83363 0 10.3416 6.74602 0
14.7299 3.89867 0 14.7979 3.81106 0
9.93333 11.5646 0 9.93333 11.477 0
9.96735 11.3018 0 10.1034 11.3456 0
10.4096 6.26416 0 10.5797 6.00133 0
9.69521 3.19779 0 9.69521 3.06637 0
6.3274 7.84115 0 6.80365 7.88496 0
4.2863 5.65088 0 4.2863 5.82611 0
3.36781 9.19911 0 3.43584 9.1115 0
4.21826 7.4469 0 4.35434 7.49071 0
8.77671 6.04513 0 9.01484 6.48319 0
11.3621 6.30796 0 11.4982 6.30796 0
14.0495 3.98628 0 14.1176 4.03009 0
4.6605 7.66593 0 4.72854 7.66593 0
5.0347 6.39558 0 5.34087 6.39558 0
14.3217 4.20531 0 14.6279 4.29292 0
12.7909 6.35177 0 12.961 6.39558 0
4.83059 6.65841 0 4.83059 6.48319 0
4.21826 4.59956 0 4.21826 3.81106 0
9.93333 3.24159 0 9.93333 3.3292 0
3.57192 16.1642 0 3.63995 16.0327 0
4.96667 1.35796 0 4.96667 1.48938 0
4.52443 6.13274 0 4.59247 6.08894 0
13.2671 5.86991 0 13.2671 5.95752 0
5.20479 5.86991 0 5.34087 5.86991 0
9.38904 9.24292 0 9.45708 9.19911 0
8.60662 11.1704 0 8.60662 11.3894 0
2.89155 14.1491 0 2.89155 13.9301 0
6.29338 11.3018 0 6.3274 11.3894 0
5.71507 6.6146 0 5.9532 6.35177 0
4.83059 8.98009 0 4.83059 8.62965 0
3.02763 15.5947 0 3.29977 15.6385 0
8.87877 7.53451 0 8.87877 7.4469 0
8.67466 7.18407 0 8.81073 7.00885 0
6.12329 10.7761 0 6.22534 10.9513 0
0.170091 7.70973 0 0.170091 7.79734 0
8.53858 19.4496 0 8.5726 19.2305 0
3.12968 14.8062 0 3.26575 14.8062 0
4.11621 13.0102 0 4.35434 12.7912 0
8.70868 9.68097 0 8.84475 9.72478 0
4.38836 8.2792 0 4.45639 8.2792 0
10.3075 8.45442 0 10.5457 8.49823 0
4.04817 6.74602 0 4.08219 6.83363 0
6.56553 11.6084 0 6.76963 11.3894 0
9.93333 0.65708 0 9.93333 0.525664 0
14.0836 9.02389 0 14.1516 8.58584 0
2.85753 14.7624 0 2.95959 14.6748 0
3.23173 16.0765 0 3.29977 16.0327 0
0.510274 7.79734 0 0.748402 8.19159 0
4.86461 6.92124 0 4.86461 6.5708 0
8.91279 6.43938 0 9.21895 6.35177 0
7.27991 6.74602 0 7.31393 6.92124 0
13.5733 6.00133 0 13.6413 5.95752 0
13.8795 4.68717 0 14.1176 4.38053 0
9.66119 5.82611 0 9.89931 5.82611 0
7.89224 12.1341 0 8.09635 12.0465 0
7.31393 6.70221 0 7.34795 6.52699 0
2.27922 9.72478 0 2.27922 9.63717 0
9.38904 7.79734 0 9.45708 8.01637 0
2.34726 8.58584 0 2.55137 8.58584 0
5.10274 9.54956 0 5.44292 9.68097 0
10.2395 7.53451 0 10.3075 7.4469 0
8.13037 19.1867 0 8.16438 19.2743 0
2.72146 9.46195 0 2.95959 9.46195 0
7.51804 6.13274 0 7.65411 6.13274 0
2.10913 9.76858 0 2.48333 9.54956 0
6.05525 10.9951 0 6.15731 10.8637 0
8.50457 18.8801 0 8.60662 18.3982 0
6.02123 13.1416 0 6.3274 13.5358 0
13.2331 4.68717 0 13.5393 4.42434 0
0.238128 8.01637 0 0.238128 7.92876 0
10.1715 6.83363 0 10.1715 6.70221 0
4.25228 8.10398 0 4.32032 8.10398 0
0.374201 7.57832 0 0.442237 7.57832 0
3.26575 7.4031 0 3.36781 7.4031 0
14.4237 6.74602 0 14.4918 6.74602 0
8.98082 17.5659 0 8.98082 17.785 0
6.83767 13.5796 0 6.87169 13.492 0
9.8653 0.350442 0 9.8653 0.525664 0
5.20479 1.09513 0 5.27283 1.00752 0
10.3416 14.85 0 10.3416 14.9376 0
10.0694 1.13894 0 10.0694 0.963717 0
3.36781 16.2956 0 3.67397 16.1204 0
10.1715 11.4332 0 10.2735 11.5646 0
12.0425 4.86239 0 12.2126 4.59956 0
14.0836 4.90619 0 14.2196 4.73097 0
3.1637 9.37434 0 3.36781 9.1115 0
13.4712 6.87743 0 13.5053 6.96504 0
2.72146 9.50575 0 2.82352 9.50575 0
1.19064 9.15531 0 1.22466 8.62965 0
10.2055 6.17655 0 10.2055 6.08894 0
13.1311 5.34425 0 13.4712 4.9938 0
14.0836 4.51195 0 14.3557 4.1615 0
8.64064 6.78982 0 8.81073 6.83363 0
10.9539 6.96504 0 11.0559 6.74602 0
5.85114 13.7111 0 5.88516 13.7987 0
10.9539 8.80487 0 11.0219 8.80487 0
14.7299 9.24292 0 14.7979 9.24292 0
5.7831 0.262832 0 5.7831 0.175221 0
4.15023 3.02257 0 4.21826 2.40929 0
10.0014 3.3292 0 10.0014 3.02257 0
10.2055 0.963717 0 10.2735 1.27035 0
5.0347 6.43938 0 5.06872 6.83363 0
5.91918 13.8425 0 6.22534 14.1929 0
5.20479 12.9226 0 5.23881 13.0978 0
11.09 6.96504 0 11.226 6.78982 0
14.4918 9.1115 0 14.6959 9.37434 0
6.36142 7.66593 0 6.63356 7.66593 0
1.83699 8.32301 0 2.0411 8.32301 0
6.22534 11.258 0 6.46347 11.0827 0
9.96735 11.6522 0 10.0354 11.696 0
5.47694 6.43938 0 5.88516 6.74602 0
8.9468 7.88496 0 9.01484 7.62212 0
6.80365 11.7398 0 7.04178 11.6084 0
8.02831 6.52699 0 8.36849 6.30796 0
4.15023 6.43938 0 4.18425 6.30796 0
7.8242 6.22035 0 8.16438 6.22035 0
8.81073 18.0478 0 8.81073 17.785 0
3.40183 16.4708 0 3.40183 16.3394 0
3.5379 19.6686 0 3.57192 19.581 0
14.6959 9.0677 0 14.7979 9.0677 0
10.1715 15.4633 0 10.1715 15.5947 0
5.00068 9.0677 0 5.17078 9.0677 0
6.08927 14.0615 0 6.36142 14.3681 0
2.7895 15.8575 0 2.7895 15.7261 0
13.1311 4.73097 0 13.1991 4.64336 0
10.1715 7.49071 0 10.1715 7.31549 0
10.2395 2.10265 0 10.2395 2.23407 0
1.08858 9.59336 0 1.19064 9.81239 0
10.2395 7.4469 0 10.3756 7.27168 0
3.43584 15.8575 0 3.84406 16.2518 0
2.31324 8.49823 0 2.38128 8.49823 0
0.544292 7.79734 0 0.544292 7.92876 0
7.89224 7.66593 0 8.06233 7.4469 0
8.9468 10.4695 0 9.01484 10.4695 0
5.64703 13.4482 0 5.71507 13.5796 0
10.2055 13.3168 0 10.2055 13.1416 0
7.55205 7.62212 0 7.72215 7.4469 0
6.3274 6.65841 0 6.3274 6.5708 0
3.81005 13.054 0 3.84406 12.9664 0
3.57192 18.3106 0 3.67397 18.0478 0
13.9135 5.95752 0 14.0495 5.86991 0
7.96027 19.7562 0 7.96027 19.6248 0
8.02831 10.5571 0 8.09635 10.6009 0
4.96667 11.915 0 5.00068 11.3894 0
12.5187 4.38053 0 12.5868 4.38053 0
9.01484 7.92876 0 9.04886 7.66593 0
5.54498 6.00133 0 5.64703 5.91372 0
5.4089 9.59336 0 5.44292 9.85619 0
4.89863 8.98009 0 5.00068 8.98009 0
1.97306 9.98761 0 2.00708 10.0752 0
5.06872 9.33053 0 5.06872 9.24292 0
11.3281 4.9938 0 11.8384 4.9938 0
7.00776 11.915 0 7.14384 11.7398 0
9.69521 8.2354 0 9.83128 8.2354 0
8.67466 18.4858 0 8.70868 18.0916 0
4.15023 5.7385 0 4.21826 5.7385 0
4.62648 1.88363 0 4.79658 1.70841 0
3.50388 15.8137 0 3.57192 16.1204 0
7.27991 5.30044 0 7.34795 5.30044 0
12.3826 4.42434 0 12.4507 4.42434 0
6.49749 5.82611 0 6.66758 5.82611 0
9.18493 2.58451 0 9.28699 2.58451 0
9.35502 5.7823 0 9.4911 5.56327 0
8.64064 18.4858 0 8.77671 18.442 0
4.93265 7.14026 0 5.0347 6.96504 0
4.42237 2.19027 0 4.55845 2.14646 0
8.77671 6.13274 0 8.87877 6.00133 0
11.124 6.70221 0 11.226 6.5708 0
5.0347 12.835 0 5.17078 12.5721 0
6.02123 10.9513 0 6.25936 10.9075 0
10.3756 6.74602 0 10.4436 6.74602 0
9.52511 6.35177 0 9.52511 6.13274 0
10.5797 5.69469 0 10.5797 5.95752 0
0.170091 3.63584 0 0.408219 3.37301 0
13.5393 10.4695 0 13.5393 10.5571 0
2.34726 9.1115 0 2.48333 9.1115 0
6.08927 7.14026 0 6.19132 7.49071 0
5.74909 10.6009 0 5.98721 10.6009 0
9.15091 10.0314 0 9.21895 9.9438 0
3.40183 13.1854 0 3.63995 13.1416 0
2.48333 9.37434 0 2.65342 9.33053 0
5.13676 5.82611 0 5.20479 5.82611 0
1.08858 9.33053 0 1.08858 9.50575 0
10.6477 5.65088 0 10.6477 5.51947 0
9.35502 7.79734 0 9.59315 7.75354 0
14.4918 4.64336 0 14.5258 4.46814 0
3.50388 18.004 0 3.63995 17.6973 0
14.5938 4.38053 0 14.7299 3.98628 0
1.32671 8.06018 0 1.32671 8.32301 0
4.69452 16.7336 0 4.72854 16.8212 0
12.6548 6.78982 0 12.7228 6.52699 0
7.14384 6.17655 0 7.45 6.04513 0
11.26 6.65841 0 11.8043 6.96504 0
13.6753 11.9588 0 13.6753 11.8712 0
2.48333 9.50575 0 2.61941 9.41814 0
5.61301 0.65708 0 5.7831 0.438053 0
13.6413 12.0027 0 13.8114 12.3531 0
9.35502 -6.15348e-015 0 9.38904 0.131416 0
5.17078 5.51947 0 5.23881 5.38805 0
9.04886 7.92876 0 9.21895 7.75354 0
4.32032 8.2354 0 4.38836 8.2354 0
9.4911 6.35177 0 9.4911 6.13274 0
8.43653 18.3982 0 8.53858 18.4858 0
7.14384 6.52699 0 7.31393 6.5708 0
8.1984 19.7562 0 8.23242 19.6248 0
5.20479 9.72478 0 5.44292 10.2066 0
