5.4959 10.5978 0 5.61803 10.7286 0
0.854918 5.80044 0 2.1373 6.54185 0
13.8924 15.5696 0 14.1061 15.526 0
13.8314 12.9529 0 14.0756 12.822 0
6.83934 10.0308 0 6.96148 9.98722 0
7.72479 8.50441 0 7.87746 8.67885 0
10.198 8.19912 0 10.2895 8.50441 0
6.86988 5.6696 0 6.93094 5.62599 0
11.6635 10.6414 0 11.8162 10.7286 0
2.53422 13.8687 0 2.80902 11.252 0
11.6941 10.9467 0 11.9689 10.9031 0
11.7246 15.3952 0 11.8162 16.5291 0
1.83197 4.66652 0 1.98463 4.75374 0
6.01496 9.11498 0 6.50348 9.11498 0
3.60287 5.58238 0 3.60287 5.6696 0
11.1139 11.9498 0 11.2055 12.0806 0
9.70943 9.94361 0 9.92316 9.94361 0
7.75533 5.49515 0 7.81639 5.49515 0
7.41947 9.37665 0 7.72479 9.42026 0
7.02254 9.11498 0 7.08361 9.24581 0
5.16004 12.0806 0 5.25164 12.9093 0
1.6793 4.01233 0 2.32049 4.5793 0
5.64857 11.3392 0 6.44242 11.0339 0
9.86209 9.72555 0 9.95369 9.85639 0
6.96148 17.7938 0 7.48053 19.5819 0
14.1977 9.5511 0 14.3809 9.5511 0
1.70984 4.18678 0 2.32049 4.44846 0
4.85471 9.94361 0 4.85471 10.0308 0
4.61045 18.7533 0 4.61045 18.5789 0
11.8162 9.2022 0 12.0299 9.33304 0
11.0529 9.24581 0 11.4803 9.07137 0
0.305328 12.3859 0 0.915984 12.5167 0
5.8623 18.3608 0 5.8623 18.7097 0
0.54959 3.09648 0 0.54959 2.92203 0
6.41189 9.07137 0 7.20574 9.07137 0
0.427459 5.53877 0 0.641189 5.62599 0
0.0305328 4.31762 0 0.580123 1.0467 0
10.5033 9.72555 0 10.6865 10.1617 0
2.32049 0.0436123 0 3.57234 1.09031 0
13.5871 15.1771 0 13.5871 14.4357 0
5.7707 6.75991 0 5.95389 6.41101 0
6.90041 9.46388 0 7.05307 9.5511 0
9.3125 6.19295 0 9.43463 6.3674 0
3.5418 7.71938 0 4.33566 1.48282 0
10.8391 7.93744 0 11.4498 7.85022 0
13.068 9.02775 0 13.4344 9.24581 0
13.8314 14.3048 0 13.8924 15.9621 0
4.64098 9.72555 0 4.97684 9.46388 0
0.580123 2.87841 0 1.06865 -6.15348e-015 0
13.007 10.685 0 13.1291 10.685 0
3.02275 0.261674 0 3.14488 0.436123 0
10.9918 9.59471 0 11.0529 10.0308 0
3.38914 7.23965 0 4.12193 1.61366 0
6.07602 11.0339 0 6.65615 10.6414 0
0.671721 8.50441 0 2.1373 9.15859 0
7.14467 9.2022 0 7.66373 9.2022 0
13.8924 10.1617 0 13.9535 10.0744 0
11.0529 11.3392 0 11.4498 12.0806 0
6.65615 10.8159 0 6.77828 10.7286 0
14.5031 14.174 0 14.5641 15.3079 0
13.6482 16.093 0 13.7398 16.1802 0
2.28996 9.24581 0 2.99221 9.63833 0
8.36598 5.58238 0 8.61025 5.71322 0
13.526 13.7379 0 13.5871 13.389 0
8.09119 11.7753 0 8.09119 11.6009 0
0.0305328 12.9529 0 0.641189 8.54802 0
12.0605 13.4762 0 12.0605 13.2581 0
8.67131 9.46388 0 8.76291 9.46388 0
6.22869 8.8533 0 6.32029 8.8533 0
9.2209 4.14317 0 9.25143 4.2304 0
10.259 9.59471 0 10.4422 9.68194 0
0.305328 5.45154 0 0.580123 5.58238 0
11.7857 17.0088 0 12.3047 17.4013 0
6.04549 5.45154 0 6.16762 5.40793 0
6.93094 12.7348 0 6.99201 12.5167 0
7.78586 10.0744 0 7.87746 9.81277 0
14.7473 12.3423 0 14.8695 12.3423 0
13.8314 14.2176 0 14.0756 14.3921 0
13.8924 10.2489 0 14.0145 10.0308 0
5.74016 19.6692 0 5.74016 19.7564 0
10.1369 9.11498 0 10.2895 9.28943 0
11.6941 9.11498 0 11.7551 9.11498 0
7.3584 13.8251 0 7.45 13.8251 0
6.86988 8.98414 0 6.86988 8.80969 0
9.77049 6.84714 0 9.80102 6.93436 0
5.09898 9.63833 0 5.16004 9.59471 0
8.03012 10.4233 0 8.67131 10.467 0
7.2668 18.7969 0 7.5416 19.7564 0
11.0834 13.6943 0 11.1139 13.7815 0
1.37398 6.54185 0 1.64877 6.67269 0
8.91557 3.66344 0 9.67889 5.01542 0
13.8619 15.4388 0 14.1061 15.6132 0
5.19057 11.3828 0 5.25164 11.5573 0
4.91578 9.46388 0 5.5875 9.02775 0
14.5336 12.2115 0 14.6557 12.037 0
14.0145 16.093 0 14.0145 15.8749 0
8.06066 5.53877 0 8.12172 5.53877 0
5.64857 6.14934 0 5.6791 5.93128 0
8.18279 4.01233 0 8.24385 3.92511 0
14.7779 9.42026 0 14.8389 9.42026 0
10.717 10.5978 0 10.8697 10.5978 0
4.82418 10.1617 0 4.85471 10.2489 0
11.0223 11.6009 0 11.175 11.47 0
7.87746 8.63524 0 7.93852 8.63524 0
6.99201 13.8251 0 7.11414 13.9996 0
11.9078 13.3018 0 11.9383 13.4762 0
6.83934 14.2176 0 6.90041 14.1304 0
10.0758 9.50749 0 10.259 9.5511 0
7.72479 8.54802 0 7.84693 8.41718 0
11.9689 13.3454 0 12.0299 13.4762 0
5.8623 6.54185 0 6.38135 5.93128 0
14.0145 15.8313 0 14.1061 15.8313 0
6.16762 15.7877 0 6.65615 16.6163 0
6.53402 16.4418 0 7.38893 17.3141 0
6.77828 10.3361 0 6.90041 10.2925 0
5.19057 9.50749 0 5.25164 10.2053 0
7.84693 11.6445 0 7.84693 11.8626 0
6.83934 8.8533 0 7.20574 8.72247 0
2.10676 5.36432 0 2.10676 5.10264 0
6.16762 5.36432 0 6.22869 4.66652 0
12.2436 9.5511 0 12.4268 9.5511 0
11.6941 10.5542 0 11.6941 9.85639 0
7.08361 13.7379 0 7.11414 13.6507 0
12.4574 15.9185 0 12.4574 14.7846 0
8.79344 9.50749 0 8.88504 9.59471 0
-1.53837e-015 14.174 0 2.38156 14.7846 0
2.0457 4.5793 0 2.28996 4.79736 0
9.19037 10.3797 0 9.2209 10.2053 0
9.19037 7.98106 0 9.25143 8.02467 0
14.442 10.0744 0 14.7473 9.76916 0
6.86988 12.822 0 6.96148 12.5604 0
9.43463 8.02467 0 9.61783 8.02467 0
11.5719 12.604 0 11.6941 12.7784 0
2.68689 7.32687 0 2.74795 7.32687 0
2.28996 3.70705 0 2.47316 4.18678 0
5.37377 10.9031 0 5.4043 10.5978 0
5.4043 7.58855 0 5.70963 6.80352 0
8.27439 7.85022 0 8.51865 7.71938 0
13.4344 12.3423 0 13.6176 12.6476 0
12.2131 17.3141 0 12.4574 17.6194 0
7.14467 5.58238 0 7.5416 5.49515 0
1.80143 6.80352 0 1.8625 6.80352 0
5.80123 10.1181 0 6.01496 9.94361 0
13.8008 13.389 0 13.9535 12.9093 0
9.4041 10.1617 0 9.64836 10.2489 0
12.5795 16.0057 0 12.5795 14.174 0
1.19078 6.41101 0 1.31291 6.49824 0
5.74016 11.1648 0 5.8623 11.2956 0
7.02254 3.31454 0 7.05307 3.22731 0
4.97684 6.97797 0 5.12951 7.19603 0
5.92336 4.44846 0 6.25922 4.09956 0
5.06844 8.72247 0 5.22111 8.72247 0
7.41947 12.2115 0 7.45 11.9498 0
7.84693 10.1617 0 7.93852 9.94361 0
2.10676 4.71013 0 2.16783 5.27709 0
14.2893 12.5604 0 14.2893 12.4295 0
5.00738 9.42026 0 5.16004 7.71938 0
11.6025 16.6163 0 11.633 16.8344 0
2.90061 10.5978 0 2.96168 9.63833 0
2.50369 13.9123 0 2.50369 14.0868 0
12.5795 11.7753 0 12.7627 11.9934 0
4.61045 9.98722 0 4.76311 10.1181 0
12.3047 12.9529 0 12.3352 12.6912 0
8.94611 9.42026 0 9.2209 9.42026 0
13.6176 12.604 0 13.6176 12.5167 0
13.8314 11.9498 0 14.3809 11.8626 0
9.98422 6.19295 0 10.0453 6.23656 0
14.4115 9.2022 0 14.6252 8.80969 0
8.64078 5.71322 0 8.70184 5.71322 0
13.8008 9.2022 0 13.8619 9.2022 0
5.4043 13.2145 0 5.55697 13.1709 0
8.91557 9.59471 0 9.28197 9.50749 0
11.6025 12.0806 0 11.633 12.3423 0
5.5875 10.7722 0 5.5875 10.6414 0
14.4115 8.89692 0 14.4725 9.37665 0
2.65635 1.52643 0 2.74795 1.65727 0
8.42705 9.46388 0 8.51865 9.2022 0
9.64836 8.28634 0 9.86209 8.28634 0
9.0377 10.2489 0 9.1293 10.2489 0
2.0457 4.62291 0 2.0457 4.09956 0
2.59529 7.23965 0 3.4502 7.763 0
12.3963 13.9123 0 12.3963 13.4762 0
7.3584 8.67885 0 7.6332 8.59163 0
5.98443 5.23348 0 6.04549 5.40793 0
9.64836 8.06828 0 10.1674 8.15551 0
10.7781 9.76916 0 11.0529 10.3797 0
2.41209 2.39868 0 2.47316 2.44229 0
3.4502 1.00308 0 3.51127 1.09031 0
10.4727 9.28943 0 10.7781 9.28943 0
14.1061 16.093 0 14.1061 15.3952 0
10.1369 9.07137 0 10.4117 8.50441 0
10.1064 6.32379 0 10.259 6.62907 0
5.03791 11.1648 0 5.25164 11.1648 0
10.9918 11.3828 0 11.1139 11.3828 0
8.79344 8.28634 0 9.15984 8.37357 0
14.3504 9.9 0 14.4115 9.76916 0
7.6332 5.49515 0 7.72479 5.49515 0
5.74016 4.97181 0 5.74016 5.05903 0
14.0451 9.50749 0 14.1061 9.42026 0
14.0145 8.98414 0 14.1672 8.98414 0
13.8008 13.4762 0 13.8314 13.9123 0
1.49611 6.19295 0 2.90061 7.02159 0
12.091 13.4326 0 12.091 13.2581 0
3.05328 7.15242 0 3.11434 7.15242 0
10.2895 8.94053 0 10.4117 8.59163 0
13.007 15.3515 0 13.007 15.2643 0
8.33545 10.2925 0 8.85451 10.2925 0
7.99959 3.48899 0 8.18279 3.70705 0
10.5949 9.2022 0 10.6865 9.5511 0
5.34324 12.9529 0 5.34324 12.7348 0
12.0299 14.3921 0 12.0605 14.959 0
5.89283 11.0775 0 5.95389 11.0775 0
6.47295 3.5326 0 6.50348 3.92511 0
6.07602 18.448 0 6.65615 18.6225 0
12.7016 14.6974 0 12.7016 13.8251 0
14.3199 12.2987 0 14.6252 12.1678 0
11.7857 8.15551 0 11.8467 8.15551 0
5.8623 8.41718 0 5.95389 8.41718 0
6.86988 10.5106 0 7.02254 9.72555 0
5.43484 10.1181 0 5.5875 10.0308 0
9.1293 8.98414 0 9.28197 9.5511 0
11.633 11.8626 0 11.7246 11.5137 0
9.77049 5.45154 0 9.83156 5.53877 0
10.1064 9.02775 0 10.1369 8.8533 0
14.0756 14.8718 0 14.0756 14.3485 0
12.152 13.2581 0 12.152 13.5198 0
2.47316 2.00617 0 2.65635 1.78811 0
5.28217 11.9934 0 5.4043 12.3859 0
2.41209 1.30837 0 2.47316 1.43921 0
12.091 15.8313 0 12.4268 15.6568 0
7.11414 8.76608 0 7.23627 9.15859 0
13.8314 13.9559 0 13.9535 13.9559 0
5.46537 13.389 0 5.55697 13.2145 0
12.6406 11.9062 0 12.7627 11.7753 0
4.70205 10.4233 0 4.73258 10.1181 0
4.73258 10.5106 0 4.91578 10.467 0
1.46557 4.09956 0 1.92357 3.96872 0
13.9535 14.3485 0 13.984 15.2643 0
7.81639 13.4326 0 7.90799 13.3018 0
7.05307 14.0432 0 7.11414 14.0432 0
5.03791 10.2489 0 5.4043 10.9467 0
6.32029 10.9031 0 6.44242 10.9903 0
12.6406 8.94053 0 12.7016 8.98414 0
0.641189 0.828634 0 0.671721 0.523348 0
5.55697 13.5198 0 5.61803 13.389 0
6.47295 13.2581 0 6.53402 13.0837 0
10.3811 9.15859 0 10.7475 9.24581 0
5.61803 18.2736 0 5.6791 18.2736 0
11.9078 8.19912 0 11.9689 8.24273 0
-1.53837e-015 13.607 0 0.0915984 13.607 0
0.183197 5.01542 0 0.519057 3.1837 0
12.7932 11.9934 0 12.9459 11.9498 0
5.22111 11.5137 0 5.55697 11.1648 0
11.6635 14.174 0 11.7246 15.3079 0
1.8625 6.84714 0 2.38156 7.10881 0
12.3658 12.7348 0 12.4574 12.9965 0
10.0453 6.28018 0 10.1064 6.3674 0
7.3584 9.15859 0 7.45 9.37665 0
2.38156 1.96255 0 2.41209 1.87533 0
10.8391 14.4357 0 10.8391 14.0868 0
10.8697 13.9559 0 10.8697 13.7815 0
8.79344 3.61982 0 8.91557 3.70705 0
5.98443 4.71013 0 6.16762 4.44846 0
9.92316 5.97489 0 10.5949 7.32687 0
3.57234 7.63216 0 4.27459 2.22423 0
7.60266 11.8189 0 7.69426 11.5137 0
11.8773 1.91894 0 11.8773 1.61366 0
10.6254 7.45771 0 10.6254 7.58855 0
13.7092 10.4233 0 13.7092 9.50749 0
10.6865 7.63216 0 10.6865 7.71938 0
9.0377 9.63833 0 9.1293 9.81277 0
10.9918 13.9996 0 11.0529 14.3048 0
8.64078 17.5758 0 9.4041 17.2705 0
6.56455 10.685 0 6.68668 10.8159 0
10.2895 8.98414 0 10.717 9.15859 0
14.7779 13.5634 0 14.7779 13.3454 0
8.36598 3.40176 0 8.42705 3.40176 0
10.717 10.685 0 11.0223 10.3797 0
8.73238 13.6507 0 9.09877 13.5634 0
6.93094 9.59471 0 6.99201 9.85639 0
7.51107 9.5511 0 7.69426 8.8533 0
2.19836 4.27401 0 2.22889 4.44846 0
5.7707 14.5665 0 5.7707 14.4793 0
13.5566 14.5665 0 13.5566 13.9559 0
7.3584 12.1678 0 7.41947 11.9498 0
2.0457 1.70088 0 2.28996 2.09339 0
5.22111 8.76608 0 5.37377 7.71938 0
7.6332 9.76916 0 7.66373 8.89692 0
0.0915984 12.3423 0 0.244262 12.2987 0
5.09898 7.23965 0 5.16004 7.28326 0
5.25164 9.46388 0 5.92336 9.15859 0
5.3127 18.23 0 5.5875 18.23 0
12.4268 14.5665 0 12.4268 14.4793 0
12.0605 15.4824 0 12.3047 16.1802 0
10.9918 13.7379 0 11.1445 13.607 0
10.9307 12.3859 0 10.9307 12.7348 0
13.3123 12.2987 0 13.6787 11.9498 0
3.05328 0.348899 0 4.15246 1.26476 0
5.00738 10.0744 0 5.03791 9.76916 0
2.07623 1.61366 0 2.74795 1.48282 0
14.6557 9.33304 0 14.6557 8.80969 0
12.4574 8.72247 0 12.6406 8.8533 0
7.5416 9.02775 0 7.57213 9.37665 0
5.22111 9.02775 0 5.4043 9.11498 0
6.80881 18.5352 0 6.83934 18.3172 0
6.10656 6.19295 0 6.80881 5.6696 0
0.0915984 14.174 0 1.06865 14.4357 0
12.091 9.37665 0 12.1826 9.50749 0
9.92316 8.46079 0 9.92316 8.37357 0
6.44242 3.57621 0 7.2668 3.09648 0
9.61783 6.62907 0 9.83156 6.93436 0
11.6941 11.0775 0 11.8162 10.8595 0
10.1674 9.11498 0 10.2895 9.24581 0
9.89262 9.50749 0 9.89262 9.63833 0
1.89303 4.2304 0 1.89303 4.40485 0
11.6635 10.7722 0 11.9078 10.5978 0
12.9459 14.4357 0 13.007 16.0057 0
8.42705 3.44537 0 8.76291 3.5326 0
13.9535 13.9123 0 13.9535 14.2612 0
2.87008 10.6414 0 2.87008 10.9467 0
12.5795 13.5198 0 12.7322 13.7379 0
14.4725 9.98722 0 14.5641 9.9 0
9.77049 10.1617 0 9.83156 10.0744 0
13.8008 9.33304 0 13.9535 9.5511 0
12.0299 10.9031 0 12.8543 10.7286 0
9.06824 7.98106 0 9.1293 7.98106 0
12.4879 16.1802 0 12.8238 16.0057 0
6.50348 13.1273 0 6.90041 12.7784 0
5.00738 11.1211 0 5.16004 10.9031 0
13.5871 10.5542 0 13.6482 10.5106 0
2.50369 2.18062 0 2.71742 2.09339 0
2.44262 4.18678 0 2.47316 4.01233 0
7.93852 10.2925 0 7.99959 10.0308 0
12.0299 16.3982 0 12.2742 16.4418 0
14.6252 12.1242 0 14.7779 11.9934 0
5.00738 11.0775 0 5.25164 10.9903 0
2.50369 1.48282 0 2.59529 1.48282 0
8.03012 11.7753 0 8.06066 11.6009 0
13.7398 10.2053 0 13.7398 10.0744 0
5.12951 10.467 0 5.28217 10.3361 0
5.09898 8.63524 0 5.25164 8.63524 0
4.64098 9.76916 0 4.67152 9.68194 0
6.56455 8.8533 0 6.80881 8.8533 0
14.1367 10.2053 0 14.1367 10.4233 0
12.7322 9.42026 0 12.7627 9.15859 0
12.7016 15.5696 0 12.7016 15.2643 0
5.83176 4.71013 0 5.83176 4.62291 0
6.96148 12.2551 0 7.08361 11.9062 0
2.07623 4.66652 0 2.32049 4.62291 0
12.2436 8.59163 0 12.2436 8.46079 0
10.9613 12.9965 0 10.9613 13.0837 0
9.15984 10.4233 0 9.28197 10.2053 0
5.19057 10.9031 0 5.4959 10.6414 0
2.83955 7.02159 0 2.96168 7.0652 0
6.50348 5.84405 0 7.20574 5.53877 0
1.80143 3.61982 0 1.89303 3.44537 0
7.87746 3.92511 0 7.87746 3.75066 0
11.9689 13.4762 0 12.4268 12.822 0
11.7246 11.47 0 11.7246 11.1648 0
7.02254 9.37665 0 7.05307 9.28943 0
0.21373 5.84405 0 0.274795 5.84405 0
13.0375 9.2022 0 13.0375 9.02775 0
2.10676 3.1837 0 2.25943 3.31454 0
5.55697 10.685 0 5.74016 10.5106 0
14.7168 9.68194 0 14.7473 9.46388 0
14.4725 13.6943 0 14.5031 14.1304 0
12.2742 8.67885 0 12.549 8.76608 0
9.55676 10.2925 0 9.92316 9.98722 0
6.71721 14.3485 0 6.77828 14.2176 0
5.37377 6.19295 0 5.70963 6.10573 0
8.54918 9.2022 0 8.57971 9.42026 0
11.6635 14.0868 0 11.6941 14.2612 0
6.96148 13.9123 0 7.1752 13.607 0
9.28197 8.02467 0 9.4041 7.98106 0
12.0299 14.2612 0 12.0299 14.3485 0
2.59529 1.78811 0 2.83955 1.70088 0
12.0605 15.1771 0 12.0605 15.0026 0
14.5031 8.8533 0 14.5641 8.8533 0
12.4574 19.233 0 12.4574 19.3203 0
13.6176 15.8313 0 13.6176 15.2207 0
12.7627 11.9498 0 12.8238 11.8626 0
7.78586 9.63833 0 7.78586 9.50749 0
7.5416 3.00925 0 7.90799 3.83789 0
10.6254 8.94053 0 10.6559 9.07137 0
5.70963 5.93128 0 5.7707 5.88766 0
11.5719 12.6912 0 11.5719 12.7784 0
12.7627 11.8189 0 12.9154 11.9062 0
8.21332 5.53877 0 8.33545 5.58238 0
5.70963 19.7128 0 5.92336 19.5819 0
0.671721 0.654185 0 0.76332 -6.15348e-015 0
2.41209 14.6101 0 2.44262 14.5229 0
11.633 11.9062 0 11.633 11.9934 0
13.8314 9.07137 0 13.984 9.02775 0
6.77828 10.2489 0 6.90041 10.3361 0
14.0756 15.3515 0 14.0756 15.1771 0
2.22889 5.18987 0 2.32049 4.40485 0
9.92316 5.93128 0 9.98422 5.80044 0
5.74016 18.5789 0 5.80123 18.3608 0
2.71742 1.83172 0 2.77848 2.31145 0
12.2742 15.7877 0 12.4879 16.2238 0
6.99201 9.11498 0 7.02254 8.94053 0
12.1826 13.0401 0 12.1826 12.9529 0
6.96148 17.7502 0 7.05307 18.2736 0
6.50348 10.9467 0 6.56455 10.9467 0
9.83156 9.76916 0 10.0148 9.72555 0
12.2742 19.7128 0 12.549 19.0586 0
5.89283 15.0026 0 5.89283 15.0899 0
2.22889 2.35507 0 2.35102 2.39868 0
5.03791 5.93128 0 5.64857 5.93128 0
3.26701 7.28326 0 3.35861 7.28326 0
5.37377 12.6912 0 5.37377 12.3423 0
10.9918 11.4264 0 11.0834 11.3392 0
0.76332 6.14934 0 1.00758 6.32379 0
5.61803 11.1648 0 5.70963 11.1648 0
9.46516 10.1181 0 9.55676 10.1181 0
14.1367 9.81277 0 14.2588 9.94361 0
11.6025 7.89383 0 11.7551 8.11189 0
9.4041 5.05903 0 9.46516 4.66652 0
7.6332 13.7815 0 8.15225 13.607 0
5.03791 18.4044 0 5.22111 18.2736 0
9.61783 10.0744 0 9.80102 9.9 0
6.62561 19.1458 0 7.1752 18.9714 0
2.62582 1.26476 0 2.77848 1.39559 0
5.46537 13.4326 0 5.5875 13.3454 0
12.7322 14.5229 0 12.9154 14.3921 0
2.71742 1.65727 0 2.77848 1.43921 0
12.549 14.1304 0 12.549 13.5634 0
8.82398 9.24581 0 8.88504 9.24581 0
4.97684 18.8405 0 5.03791 18.8405 0
1.83197 4.79736 0 1.98463 5.36432 0
5.4043 7.63216 0 5.74016 6.75991 0
9.61783 10.0308 0 9.70943 10.2053 0
6.32029 3.96872 0 6.47295 3.96872 0
4.73258 10.467 0 4.85471 10.1181 0
8.12172 10.2053 0 8.21332 10.2489 0
2.19836 9.2022 0 2.56475 9.42026 0
7.14467 18.7533 0 7.1752 18.6225 0
11.7857 15.8313 0 12.2131 15.8313 0
0.152664 5.23348 0 0.305328 4.44846 0
4.70205 18.7533 0 4.79365 18.4916 0
7.90799 10.2925 0 7.93852 9.98722 0
1.8625 3.61982 0 2.07623 3.70705 0
5.22111 8.80969 0 5.22111 9.07137 0
6.65615 10.8595 0 6.83934 10.5978 0
5.4959 11.3392 0 5.4959 11.1648 0
5.70963 18.5789 0 5.7707 18.3172 0
11.4803 7.85022 0 11.7857 8.11189 0
14.0145 15.7877 0 14.0145 15.6132 0
5.09898 7.19603 0 5.12951 6.19295 0
1.55717 4.05595 0 1.61824 4.2304 0
12.2742 8.59163 0 12.3963 8.76608 0
8.18279 8.24273 0 8.27439 8.24273 0
4.97684 11.0339 0 5.19057 11.1211 0
5.28217 10.2489 0 5.5875 10.0744 0
13.984 10.467 0 14.1061 10.4233 0
9.95369 8.89692 0 10.5949 8.89692 0
12.9154 9.02775 0 12.9154 9.15859 0
5.19057 18.8841 0 5.61803 18.6225 0
5.7707 9.24581 0 5.95389 9.15859 0
2.25943 3.57621 0 2.38156 3.92511 0
11.9994 13.9123 0 12.0299 14.1304 0
7.32787 12.1678 0 7.38893 11.9498 0
11.4803 13.3454 0 11.8773 13.3454 0
3.20594 7.23965 0 3.35861 7.23965 0
2.71742 0.0436123 0 3.26701 0.479736 0
14.4115 11.8626 0 14.6252 11.8189 0
5.00738 9.11498 0 5.03791 8.80969 0
13.526 13.2145 0 13.5871 12.822 0
2.32049 2.04978 0 2.47316 2.18062 0
0.183197 5.36432 0 0.427459 5.49515 0
13.8314 12.9965 0 13.8924 12.9965 0
7.84693 8.67885 0 8.61025 8.32996 0
14.0451 10.0308 0 14.1672 9.9 0
8.67131 7.763 0 8.85451 7.71938 0
10.4117 9.2022 0 10.6865 9.07137 0
6.01496 15.3515 0 6.25922 15.9621 0
1.98463 3.61982 0 2.10676 3.22731 0
8.30492 17.5322 0 8.61025 17.5322 0
5.83176 19.6692 0 6.10656 19.6255 0
5.06844 11.2084 0 5.4043 11.0339 0
12.6711 13.4762 0 12.7322 13.5198 0
12.8238 9.02775 0 13.2207 9.33304 0
5.80123 18.7533 0 5.83176 18.5789 0
2.56475 2.44229 0 2.80902 2.57313 0
9.37357 10.1617 0 9.46516 10.3361 0
8.12172 11.6009 0 8.18279 11.6009 0
5.80123 5.71322 0 5.80123 5.36432 0
13.465 9.24581 0 13.6482 9.24581 0
13.984 15.4824 0 13.984 15.3079 0
12.1826 13.6943 0 12.1826 13.5198 0
2.44262 1.57004 0 2.47316 1.39559 0
10.8086 9.37665 0 10.8697 9.63833 0
2.32049 3.40176 0 2.32049 3.48899 0
9.37357 6.23656 0 9.64836 6.62907 0
12.7016 11.9062 0 12.7322 11.7753 0
12.3658 13.4762 0 12.4268 12.7784 0
10.6559 10.0308 0 10.717 10.6414 0
5.7707 5.3207 0 5.7707 4.84097 0
10.9918 13.0837 0 11.0529 13.1273 0
5.46537 6.19295 0 5.52643 6.19295 0
10.6865 9.50749 0 10.7781 9.68194 0
6.35082 16.1366 0 6.53402 16.3546 0
5.98443 5.18987 0 5.98443 4.75374 0
14.6863 12.037 0 14.8695 11.9934 0
5.25164 11.0339 0 5.4043 11.0775 0
13.3734 12.3423 0 13.5871 12.4731 0
6.90041 9.5511 0 6.90041 9.63833 0
6.74775 9.11498 0 7.20574 8.8533 0
10.9918 11.3392 0 11.0834 11.8626 0
1.89303 5.14626 0 1.98463 4.97181 0
2.16783 4.75374 0 2.16783 4.84097 0
11.6635 14.0432 0 11.6635 13.5198 0
3.66393 1.17753 0 4.09139 1.61366 0
5.74016 10.3361 0 5.8623 10.0308 0
7.96906 11.6009 0 7.96906 11.8189 0
11.5719 9.11498 0 11.9383 9.24581 0
10.8697 10.9903 0 10.8697 10.9031 0
10.6559 9.02775 0 10.717 9.2022 0
2.77848 1.83172 0 2.83955 1.83172 0
6.93094 13.9123 0 7.05307 14.0868 0
7.81639 11.6881 0 7.81639 11.8189 0
12.7016 15.8313 0 12.7322 16.0057 0
13.8008 9.15859 0 13.8619 9.02775 0
14.5641 10.3361 0 14.7168 10.2925 0
5.03791 7.63216 0 5.12951 7.85022 0
5.16004 10.8595 0 5.3127 10.4233 0
0.244262 12.3423 0 0.366393 12.3423 0
9.95369 8.67885 0 9.98422 8.80969 0
3.5418 0.785022 0 4.30512 1.43921 0
7.87746 5.49515 0 7.99959 5.53877 0
8.88504 10.467 0 9.1293 10.4233 0
2.19836 4.5793 0 2.19836 4.49207 0
6.68668 10.5106 0 6.68668 10.5978 0
0.732787 8.50441 0 0.946516 8.59163 0
4.18299 1.35198 0 4.30512 1.48282 0
7.60266 13.4762 0 7.69426 13.4762 0
5.12951 10.8159 0 5.16004 11.0775 0
2.47316 1.22115 0 2.50369 1.43921 0
11.9078 12.7348 0 12.0605 12.7348 0
9.80102 5.45154 0 9.98422 5.62599 0
7.69426 3.40176 0 7.84693 3.61982 0
12.4574 9.50749 0 12.7016 9.46388 0
11.8773 16.4855 0 11.9383 16.5291 0
6.99201 18.7097 0 7.14467 18.5352 0
10.4422 8.94053 0 10.4727 9.24581 0
13.3734 12.2115 0 13.5871 11.9934 0
9.92316 9.42026 0 10.0758 9.46388 0
6.68668 14.0432 0 7.05307 13.7379 0
7.96906 10.3361 0 8.03012 10.0744 0
5.7707 10.467 0 5.7707 10.3797 0
7.99959 3.14009 0 8.30492 3.27093 0
5.19057 11.9934 0 5.25164 11.9934 0
9.19037 6.14934 0 9.28197 6.14934 0
1.9541 3.92511 0 2.10676 3.27093 0
2.83955 10.9903 0 2.83955 11.2084 0
7.48053 11.9062 0 7.5416 11.9062 0
6.71721 10.5106 0 6.90041 9.68194 0
10.8697 9.50749 0 11.175 9.15859 0
7.87746 11.4264 0 7.87746 11.8626 0
5.06844 6.62907 0 5.06844 6.49824 0
7.02254 9.68194 0 7.08361 9.28943 0
6.96148 12.2115 0 7.11414 11.9498 0
10.7475 14.7846 0 10.8086 14.4793 0
1.8625 4.44846 0 1.8625 4.5793 0
10.3201 9.59471 0 10.5338 9.81277 0
7.23627 5.53877 0 7.38893 5.49515 0
9.00717 9.94361 0 9.06824 9.94361 0
7.38893 3.1837 0 7.48053 3.09648 0
6.44242 10.8159 0 6.62561 10.8595 0
0.915984 12.7348 0 1.03811 12.6912 0
12.1826 16.1802 0 12.3352 16.311 0
11.9078 16.0493 0 11.9078 15.9185 0
5.34324 11.3392 0 5.61803 11.3392 0
9.86209 9.68194 0 9.95369 9.9 0
2.41209 1.26476 0 2.71742 1.26476 0
10.3201 9.02775 0 10.5949 8.94053 0
10.8391 10.7722 0 10.8391 10.6414 0
8.61025 9.2022 0 8.88504 9.28943 0
11.6941 16.9216 0 11.9383 17.096 0
14.1977 8.94053 0 14.442 8.89692 0
12.1215 12.8656 0 12.2742 12.9093 0
5.22111 12.822 0 5.22111 12.7348 0
10.5033 8.67885 0 10.5338 8.76608 0
0.885451 12.7348 0 1.00758 12.5604 0
5.46537 8.89692 0 5.80123 8.54802 0
14.7473 13.3018 0 14.7473 12.9093 0
6.83934 9.24581 0 6.93094 9.11498 0
14.7168 8.80969 0 14.8389 8.76608 0
5.09898 18.8841 0 5.22111 18.9278 0
12.2131 13.2581 0 12.2742 13.1273 0
2.10676 4.09956 0 2.32049 4.53568 0
10.7781 9.72555 0 11.0223 9.28943 0
0.641189 5.6696 0 0.793852 5.71322 0
11.6635 10.9031 0 11.8162 10.7722 0
12.4574 17.663 0 12.5184 17.9683 0
2.28996 4.01233 0 2.28996 4.09956 0
6.35082 8.8533 0 6.44242 8.8533 0
8.94611 7.763 0 9.15984 7.98106 0
12.2436 15.7877 0 12.4268 15.7004 0
6.93094 18.7097 0 7.11414 18.7533 0
6.38135 10.8595 0 6.59508 10.9031 0
9.61783 4.97181 0 9.70943 5.10264 0
0.580123 6.0185 0 0.793852 6.19295 0
10.9918 9.42026 0 11.0223 9.72555 0
7.99959 3.44537 0 8.18279 3.66344 0
6.59508 3.44537 0 6.74775 3.35815 0
4.79365 10.685 0 5.16004 11.3392 0
9.28197 10.3797 0 9.34303 10.1617 0
6.59508 10.6414 0 6.65615 10.5978 0
8.12172 8.28634 0 8.39652 8.19912 0
4.57992 18.7533 0 4.64098 18.5789 0
11.6025 12.7784 0 11.6025 12.4731 0
9.3125 10.2053 0 9.34303 10.3361 0
9.3125 10.3797 0 9.4957 10.2925 0
6.86988 11.9498 0 6.90041 11.8189 0
0.915984 12.5604 0 0.977049 12.5604 0
6.96148 11.8189 0 7.05307 11.9062 0
12.0299 9.37665 0 12.152 9.42026 0
2.68689 2.57313 0 2.80902 2.52952 0
4.73258 18.7533 0 4.79365 18.5352 0
7.66373 8.54802 0 8.09119 8.32996 0
2.16783 4.05595 0 2.53422 4.18678 0
11.6635 10.8595 0 11.6635 10.5978 0
5.8623 4.62291 0 6.04549 4.27401 0
12.2742 19.6692 0 12.549 19.015 0
8.85451 10.467 0 8.88504 10.2489 0
5.4043 10.9903 0 5.43484 11.1648 0
5.7707 18.7533 0 5.83176 18.3608 0
2.1373 4.27401 0 2.1373 4.09956 0
12.7322 14.4793 0 12.8848 14.3921 0
7.75533 10.0308 0 7.75533 9.94361 0
7.14467 9.24581 0 7.32787 9.15859 0
6.04549 5.36432 0 6.16762 5.45154 0
12.4268 12.9965 0 12.4879 12.9093 0
14.3809 9.59471 0 14.5031 9.37665 0
13.1902 9.24581 0 13.2512 9.33304 0
10.9002 10.1181 0 11.0529 10.1181 0
2.19836 2.31145 0 2.32049 1.83172 0
10.9918 13.8251 0 11.1139 13.6943 0
7.48053 12.2551 0 7.5416 12.2551 0
13.5566 12.037 0 13.8008 11.9498 0
4.51885 18.6225 0 4.57992 18.6225 0
12.4268 14.3485 0 12.4268 13.9559 0
6.77828 9.15859 0 6.96148 9.11498 0
5.43484 13.1273 0 5.52643 13.1273 0
5.83176 18.7533 0 5.89283 18.7097 0
5.00738 7.63216 0 5.03791 7.45771 0
5.55697 8.76608 0 5.8623 8.46079 0
2.44262 2.09339 0 2.50369 2.00617 0
14.8084 12.822 0 14.8695 12.822 0
11.7857 1.87533 0 11.7857 1.61366 0
5.00738 5.97489 0 5.03791 6.10573 0
10.717 10.467 0 10.8697 10.3361 0
14.7168 9.98722 0 14.7168 10.2053 0
5.4043 7.67577 0 5.43484 7.58855 0
12.0605 8.24273 0 12.2131 8.37357 0
1.89303 5.18987 0 1.98463 4.88458 0
1.74037 6.75991 0 1.80143 6.75991 0
0.427459 5.93128 0 0.610656 6.06211 0
8.57971 7.71938 0 8.64078 7.71938 0
6.71721 10.467 0 6.83934 10.5542 0
13.8314 14.0868 0 13.8314 14.174 0
5.28217 10.2925 0 5.43484 10.2053 0
5.95389 18.448 0 6.01496 18.448 0
6.80881 16.7035 0 6.93094 16.9216 0
0.946516 6.23656 0 1.06865 6.3674 0
10.3201 6.84714 0 10.5949 7.37048 0
9.98422 8.15551 0 10.1064 8.06828 0
2.50369 0.218062 0 4.09139 1.57004 0
6.25922 9.07137 0 6.32029 9.07137 0
13.2512 10.6414 0 13.6787 10.5106 0
6.19816 11.1648 0 6.25922 10.9467 0
8.97664 7.763 0 9.00717 7.98106 0
6.38135 3.92511 0 6.41189 3.66344 0
13.6482 16.1366 0 13.8924 16.093 0
14.2588 12.7784 0 14.2588 12.604 0
10.2895 8.41718 0 10.3811 8.46079 0
8.82398 5.84405 0 8.88504 5.84405 0
6.74775 14.2612 0 7.20574 13.9123 0
13.8924 10.467 0 13.8924 10.1181 0
12.7627 9.42026 0 12.8543 9.2022 0
14.1367 9.76916 0 14.442 10.1181 0
11.9994 13.7379 0 12.0299 13.3018 0
0.335861 5.93128 0 0.396926 5.93128 0
5.61803 6.14934 0 5.7707 5.93128 0
6.50348 10.9903 0 6.50348 10.7722 0
11.633 13.607 0 11.6941 13.5198 0
11.2361 11.7317 0 11.2971 11.7753 0
13.3428 12.2551 0 13.4039 12.3423 0
9.83156 10.1181 0 10.0758 9.5511 0
10.0148 9.63833 0 10.0453 9.5511 0
4.97684 7.58855 0 5.12951 7.32687 0
9.34303 4.49207 0 9.4041 4.62291 0
5.06844 10.7722 0 5.22111 10.9467 0
8.91557 10.4233 0 8.91557 10.2489 0
1.5877 6.67269 0 1.70984 6.7163 0
2.41209 3.96872 0 2.53422 4.05595 0
2.16783 3.1837 0 2.25943 3.27093 0
0.457992 9.76916 0 0.54959 9.11498 0
8.82398 10.467 0 8.97664 10.2489 0
6.04549 5.58238 0 6.04549 5.49515 0
1.80143 4.18678 0 1.92357 3.92511 0
12.8848 9.2022 0 12.9459 9.15859 0
0.0915984 3.75066 0 0.183197 3.22731 0
9.00717 9.63833 0 9.06824 9.46388 0
2.47316 14.1304 0 2.47316 14.2612 0
8.03012 3.92511 0 8.09119 4.01233 0
6.32029 4.01233 0 6.47295 4.01233 0
6.93094 12.2115 0 6.99201 12.037 0
5.19057 6.89075 0 5.19057 6.80352 0
5.64857 14.3921 0 5.70963 14.3921 0
2.87008 0.130837 0 2.93115 0.174449 0
5.06844 9.76916 0 5.16004 9.5511 0
5.46537 8.94053 0 5.46537 9.07137 0
11.3887 11.9498 0 11.4193 12.1242 0
13.5566 13.3018 0 13.5566 13.2145 0
10.9918 11.5573 0 10.9918 11.47 0
2.62582 2.4859 0 2.71742 2.61674 0
7.51107 8.94053 0 7.5416 9.28943 0
1.92357 6.84714 0 2.01516 6.89075 0
0.274795 2.87841 0 0.610656 0.872247 0
6.96148 12.037 0 7.02254 11.8189 0
13.4955 12.3859 0 13.5871 12.5167 0
12.3047 16.2238 0 12.7322 15.9185 0
4.64098 18.7533 0 4.70205 18.5352 0
0.793852 5.75683 0 1.06865 5.88766 0
4.61045 10.0308 0 4.61045 10.1181 0
7.99959 13.2581 0 8.06066 13.2581 0
12.5795 11.7317 0 12.7016 11.7317 0
3.23648 0.479736 0 3.66393 0.828634 0
2.35102 7.10881 0 2.53422 7.23965 0
5.4043 13.3454 0 5.5875 13.2581 0
8.48811 9.42026 0 8.57971 9.2022 0
11.7551 1.74449 0 11.8162 1.61366 0
7.1752 13.9559 0 7.32787 13.8687 0
0.0610656 12.5167 0 0.122131 12.1242 0
5.8623 15.0026 0 5.8623 14.9154 0
13.6482 16.0493 0 13.6482 15.8749 0
10.8086 10.3361 0 10.9307 10.1617 0
12.6711 8.98414 0 12.8543 9.07137 0
1.83197 3.61982 0 1.92357 3.44537 0
2.53422 13.7379 0 2.53422 13.6507 0
8.27439 10.467 0 8.30492 10.2489 0
11.5719 16.6599 0 11.6635 16.878 0
8.15225 17.7502 0 8.21332 17.663 0
2.16783 7.02159 0 2.25943 7.0652 0
2.01516 4.27401 0 2.16783 4.27401 0
6.90041 18.23 0 7.05307 18.23 0
4.73258 9.63833 0 4.88525 9.50749 0
7.11414 8.94053 0 7.1752 9.02775 0
12.3047 15.8749 0 12.3963 16.1366 0
2.19836 2.18062 0 2.22889 2.31145 0
14.3199 9.50749 0 14.442 9.33304 0
5.92336 15.0899 0 5.98443 15.3079 0
2.53422 6.84714 0 2.65635 6.89075 0
13.007 9.2022 0 13.007 9.02775 0
12.1215 16.4418 0 12.3352 16.3982 0
6.90041 12.0806 0 6.99201 11.8189 0
3.11434 7.19603 0 3.17541 7.19603 0
11.633 16.6163 0 11.6635 16.8344 0
6.68668 14.3921 0 6.71721 14.3048 0
11.8467 16.4855 0 12.0299 16.4418 0
0.0305328 12.9965 0 0.0610656 12.822 0
13.1596 9.24581 0 13.1596 9.11498 0
5.6791 6.14934 0 5.7707 5.75683 0
7.08361 8.94053 0 7.14467 9.02775 0
9.0377 5.97489 0 9.28197 6.19295 0
11.633 12.7784 0 11.7857 12.7348 0
1.8625 4.18678 0 1.8625 3.96872 0
4.94631 6.97797 0 5.03791 7.10881 0
7.99959 11.6009 0 8.24385 11.6881 0
8.64078 8.32996 0 8.76291 8.32996 0
6.90041 5.62599 0 7.02254 5.58238 0
1.52664 4.27401 0 1.5877 4.27401 0
10.9307 12.7784 0 10.9307 12.9965 0
12.1826 16.0057 0 12.2131 15.8749 0
8.76291 5.75683 0 8.94611 5.93128 0
7.5416 11.8626 0 7.6332 11.6445 0
4.67152 10.3361 0 4.82418 10.685 0
7.2668 8.72247 0 7.32787 8.72247 0
12.3352 17.4885 0 12.4268 17.6194 0
2.35102 2.00617 0 2.38156 1.83172 0
12.0605 15.2207 0 12.0605 15.4388 0
4.76311 18.7533 0 4.94631 18.7969 0
14.3504 9.85639 0 14.4115 9.72555 0
2.07623 1.78811 0 2.22889 1.87533 0
14.8084 11.7753 0 14.8695 11.7753 0
11.4498 9.11498 0 11.5109 9.11498 0
0.0610656 5.75683 0 0.21373 5.80044 0
14.4725 13.4762 0 14.5031 13.9123 0
9.58729 10.0744 0 9.64836 10.2053 0
5.83176 14.8718 0 5.83176 14.7846 0
8.70184 10.467 0 8.79344 10.467 0
13.984 12.9093 0 14.2283 12.8656 0
5.00738 10.1181 0 5.06844 10.2925 0
2.71742 1.52643 0 2.80902 1.65727 0
10.2285 8.19912 0 10.259 8.32996 0
10.2895 8.54802 0 10.2895 8.63524 0
12.9459 16.0057 0 13.0375 15.9621 0
5.03791 6.49824 0 5.19057 6.45463 0
10.3201 8.72247 0 10.4727 8.63524 0
5.16004 6.93436 0 5.16004 6.84714 0
9.19037 9.37665 0 9.2209 9.24581 0
9.70943 6.7163 0 9.86209 6.93436 0
12.1215 15.7441 0 12.2436 15.8749 0
8.36598 8.19912 0 8.42705 8.15551 0
1.22131 6.45463 0 1.28238 6.45463 0
6.93094 8.98414 0 6.99201 8.94053 0
8.27439 17.5758 0 8.39652 17.4885 0
12.2742 8.63524 0 12.3352 8.76608 0
12.7322 14.6101 0 12.9459 14.5229 0
14.1061 12.822 0 14.2283 12.822 0
4.91578 18.448 0 4.97684 18.4044 0
10.1674 8.8533 0 10.3506 8.80969 0
11.6941 14.5229 0 11.6941 14.3048 0
9.19037 4.09956 0 9.25143 4.18678 0
12.1215 16.3546 0 12.2131 16.1802 0
2.10676 9.15859 0 2.22889 9.24581 0
8.94611 7.98106 0 9.00717 7.85022 0
