3.42324 19.0435 0 3.42324 18.5217 0
3.75519 10.2174 0 4.00415 10.087 0
2.86307 10.2174 0 2.90456 9.73913 0
4.6888 17.5217 0 4.95851 17.5652 0
2.6971 9 0 2.6971 8.82609 0
3.07054 7.91304 0 3.09129 7.69565 0
8.34025 18.2609 0 8.56846 18.6087 0
4.27386 7.91304 0 4.48133 7.91304 0
4.3361 8.43478 0 4.3361 8.95652 0
2.11618 18.7826 0 2.6971 18.1304 0
7.44813 11.4348 0 7.44813 11.5217 0
5.06224 9.56522 0 5.12448 9.65217 0
5.10373 9.65217 0 5.16598 9.78261 0
4.19087 9.78261 0 4.21162 10.0435 0
2.92531 8.47826 0 3.0083 9.65217 0
2.90456 8.04348 0 3.07054 6.26087 0
6.84647 17.6522 0 6.84647 18.0435 0
3.60996 9 0 3.65145 9 0
4.41909 8.47826 0 4.70954 8.34783 0
4.91701 8.91304 0 5.08299 8.78261 0
5.58091 9.95652 0 5.85062 9.95652 0
6.76349 14.6522 0 6.78423 17.1304 0
2.84232 4.56522 0 3.02905 4.04348 0
6.0166 10.1739 0 6.14108 10 0
7.05394 10 0 7.11618 10 0
3.34025 15.087 0 3.34025 15 0
2.90456 12.3043 0 3.0083 12.087 0
6.92946 8.34783 0 7.15768 8.21739 0
7.40664 12 0 7.40664 12.087 0
5.72614 1.52174 0 5.99585 1.95652 0
6.49378 4.04348 0 6.57676 3.56522 0
3.87967 2.82609 0 3.9834 1.82609 0
3.60996 8.56522 0 3.75519 8.65217 0
4.12863 10.1304 0 4.17012 10.1304 0
3.13278 3.34783 0 3.23651 3.3913 0
3.50622 10.3043 0 3.54772 10.2609 0
4.12863 7.86957 0 4.12863 8.08696 0
5.85062 8.30435 0 6.18257 8.43478 0
4.75104 8.34783 0 5.29046 8.65217 0
3.07054 13.7391 0 3.27801 14.8696 0
6.34855 10.1304 0 6.43154 9.91304 0
6.43154 3.34783 0 6.47303 3.6087 0
6.47303 7.30435 0 6.51452 7.52174 0
3.25726 10.4783 0 3.29876 10.4783 0
3.361 3.08696 0 3.42324 2.95652 0
6.88797 5.82609 0 7.0332 6.69565 0
2.6556 11.2609 0 2.67635 10.3043 0
5.85062 8.95652 0 6.03734 8.95652 0
7.15768 8.30435 0 7.19917 8.73913 0
5.45643 4.04348 0 5.72614 4.21739 0
7.07469 7.34783 0 7.15768 8 0
6.78423 5.65217 0 6.78423 5.52174 0
6.86722 13.9565 0 6.86722 14.087 0
6.90871 8.04348 0 6.97095 8.04348 0
3.34025 10.4783 0 3.38174 10.4783 0
4.41909 8.69565 0 4.54357 8.82609 0
6.76349 5.52174 0 6.90871 5.43478 0
5.37344 7.82609 0 5.95436 7.69565 0
4.06639 10.2609 0 4.31535 9.86957 0
3.81743 8 0 3.81743 7.82609 0
7.0332 9.95652 0 7.11618 9.95652 0
8.73444 19.1739 0 9.14938 19.8261 0
3.50622 9.13043 0 3.50622 9.04348 0
2.90456 10.3043 0 2.92531 9.82609 0
4.31535 9.04348 0 4.52282 9 0
5.95436 4.47826 0 6.39004 5.21739 0
3.0083 12.1304 0 3.0083 12.0435 0
5.47718 9.91304 0 5.56017 9.91304 0
3.04979 10.2174 0 3.04979 10.4348 0
2.98755 12.5217 0 3.0083 12.2174 0
4.14938 1.65217 0 4.31535 1.65217 0
6.55602 3.17391 0 6.57676 3.52174 0
3.25726 19.3478 0 3.40249 19.1304 0
3.87967 4.26087 0 4.50207 3.86957 0
5.49793 7.56522 0 5.56017 7.52174 0
6.47303 7.47826 0 6.74274 7.69565 0
6.65975 7.91304 0 6.78423 9 0
5.22822 9.95652 0 5.68465 10.1739 0
4.50207 1.78261 0 4.56432 1.43478 0
7.15768 9.65217 0 7.17842 9.86957 0
6.41079 5.26087 0 6.65975 6.04348 0
7.55187 17.5652 0 7.6556 17.7391 0
1.72199 19.7826 0 1.76349 19.6087 0
6.49378 10.087 0 6.76349 9.21739 0
2.88382 9.26087 0 2.98755 9.17391 0
3.77593 10.1739 0 3.81743 10.3913 0
4.93776 1.78261 0 4.93776 1.86957 0
2.98755 9.78261 0 2.98755 9.69565 0
6.95021 18.4348 0 6.9917 18.4348 0
3.25726 9 0 3.25726 8.91304 0
6.78423 14.4783 0 6.78423 14.6087 0
2.94606 10.3478 0 2.98755 10.1739 0
3.69295 2.65217 0 3.83817 2.04348 0
3.09129 10.2609 0 3.13278 10.2609 0
5.04149 9.08696 0 5.08299 8.91304 0
5.20747 1.3913 0 5.3527 1.43478 0
5.06224 3.86957 0 5.41494 4.04348 0
5.70539 8.6087 0 5.74689 8.34783 0
3.361 15.2174 0 3.361 15.1304 0
5.02075 8.34783 0 5.04149 8.21739 0
5.08299 7.91304 0 5.22822 7.82609 0
6.49378 3.91304 0 6.53527 4.21739 0
2.73859 9.91304 0 2.73859 9.82609 0
5.64315 1.78261 0 5.70539 1.78261 0
4.08714 10 0 4.23237 9.69565 0
7.82158 18 0 7.92531 18.2609 0
6.90871 8.69565 0 6.90871 8.95652 0
5 1.34783 0 5.18672 1.3913 0
4.97925 7.82609 0 5.29046 7.6087 0
4.06639 9.17391 0 4.12863 8.91304 0
6.90871 8 0 6.97095 8.26087 0
7.40664 9.86957 0 7.42739 10.0435 0
6.82573 17.8261 0 6.82573 17.5652 0
5.99585 2.08696 0 6.07884 2.34783 0
3.81743 3.08696 0 3.85892 2.91304 0
4.89627 8.73913 0 4.89627 8.86957 0
6.82573 5.52174 0 6.92946 5.17391 0
6.51452 4.17391 0 6.61826 4.04348 0
3.75519 10.3913 0 3.90041 10.3478 0
2.82158 4.69565 0 2.84232 4.86957 0
5.49793 8.86957 0 5.60166 8.82609 0
7.01245 6.73913 0 7.07469 7.21739 0
2.90456 18.087 0 3.34025 18.3913 0
3.79668 7.82609 0 3.87967 7.82609 0
6.72199 7.08696 0 6.80498 7.69565 0
2.82158 9 0 2.82158 8.69565 0
2.73859 9.43478 0 2.73859 9.26087 0
1.9917 19.1304 0 2.01245 19 0
4.85477 11.8261 0 5.16598 11.4783 0
2.71784 9.21739 0 2.71784 9.04348 0
2.86307 10 0 2.86307 9.91304 0
3.90041 7.82609 0 3.9834 7.82609 0
2.84232 10.1739 0 2.84232 9.86957 0
4.27386 9.95652 0 4.50207 9.04348 0
5.87137 4.3913 0 6.47303 5.3913 0
4.66805 8.13043 0 4.75104 8.04348 0
3.02905 6.52174 0 3.07054 6.34783 0
3.3195 10.4783 0 3.83817 10.3913 0
7.07469 8.52174 0 7.15768 9.3913 0
2.78008 8.13043 0 2.78008 7.6087 0
6.86722 18.2174 0 6.86722 18.087 0
3.19502 5.69565 0 3.54772 4.73913 0
3.44398 5.04348 0 3.46473 4.91304 0
6.59751 10 0 6.72199 9.78261 0
5.62241 1.6087 0 5.80913 1.6087 0
5.20747 7.6087 0 5.47718 7.56522 0
4.60581 7.86957 0 4.81328 8.3913 0
4.0249 16.8696 0 4.43983 17.3478 0
3.54772 9.26087 0 3.65145 8.56522 0
4.70954 1.73913 0 4.70954 1.47826 0
3.52697 4.82609 0 3.83817 4.30435 0
3.81743 2.08696 0 4.10788 1.69565 0
7.13693 8.04348 0 7.15768 8.17391 0
3.02905 13.3478 0 3.04979 13.5217 0
2.75934 6.78261 0 2.80083 6.91304 0
4.52282 7.91304 0 4.56432 7.91304 0
6.20332 2.21739 0 6.24481 2.30435 0
7.44813 10.0435 0 7.53112 10.8261 0
3.34025 9.13043 0 3.40249 8.69565 0
3.17427 10.3043 0 3.48548 10.3043 0
2.73859 6.69565 0 2.78008 6.56522 0
4.00415 7.82609 0 4.08714 7.82609 0
7.0332 9.82609 0 7.36515 9.78261 0
5.08299 8.73913 0 5.16598 8.34783 0
7.44813 11.3913 0 7.53112 11 0
3.90041 8 0 4.25311 8.17391 0
4.70954 7.82609 0 4.79253 7.86957 0
3.50622 8.6087 0 3.58921 8.6087 0
2.57261 8.30435 0 3.19502 7.86957 0
4.93776 8.3913 0 5.06224 7.95652 0
5.60166 10.1739 0 6.30705 10.1739 0
3.40249 15.4348 0 3.87967 16.6087 0
4.29461 11.5652 0 4.29461 11.4783 0
7.07469 18.6087 0 7.13693 18.913 0
2.84232 8.56522 0 3.02905 8.17391 0
6.20332 2.13043 0 6.24481 2.3913 0
2.71784 9.82609 0 2.90456 9.30435 0
3.25726 7.3913 0 3.65145 7 0
4.93776 3.86957 0 5.04149 3.91304 0
3.17427 14.3913 0 3.21577 14.6957 0
4.06639 9 0 4.12863 9.13043 0
6.92946 9.30435 0 7.07469 10.1304 0
6.3278 2.69565 0 6.53527 3.17391 0
4.06639 14.0435 0 4.14938 13.913 0
4.29461 2.17391 0 4.43983 1.82609 0
2.51037 8.91304 0 2.51037 8.47826 0
3.63071 3.69565 0 3.83817 3.04348 0
3.38174 3.13043 0 3.75519 2.52174 0
5.06224 7.73913 0 5.16598 7.82609 0
4.52282 3.86957 0 4.91701 3.86957 0
6.90871 17.6087 0 7.3444 17.4348 0
6.90871 8.21739 0 6.90871 8.30435 0
4.48133 11.6522 0 4.48133 11.5652 0
7.11618 8.82609 0 7.19917 8.65217 0
2.78008 10.2609 0 2.84232 9.52174 0
3.44398 3.65217 0 3.44398 3.34783 0
2.88382 5.34783 0 2.90456 6.04348 0
1.9917 19.0435 0 2.05394 18.9565 0
3.0083 10.4348 0 3.02905 10.2174 0
4.93776 8.52174 0 5.06224 9.21739 0
8.60996 18.8696 0 8.94191 19.5652 0
2.6556 10.4348 0 2.84232 10.8261 0
3.15353 3.30435 0 3.38174 3.69565 0
3.40249 19.1739 0 3.40249 19.3043 0
2.6971 11.913 0 2.86307 12.3043 0
6.24481 9.95652 0 6.47303 9.91304 0
2.94606 12.4783 0 2.94606 12.3913 0
4.23237 13.6957 0 4.41909 13.4348 0
4.06639 8.95652 0 4.10788 8.91304 0
6.92946 13.4348 0 6.92946 13.5652 0
5.49793 8.91304 0 5.56017 8.91304 0
3.65145 16.1304 0 4.04564 16.8696 0
2.19917 18.6522 0 2.63485 18.1739 0
7.17842 13.0435 0 7.3444 12.4783 0
3.73444 7.78261 0 3.73444 8 0
2.6556 10.5652 0 2.6556 10.7391 0
5.37344 1.52174 0 5.70539 1.52174 0
2.84232 4.78261 0 2.98755 5.30435 0
3.23651 19.5652 0 3.27801 19.3043 0
3.19502 9.13043 0 3.21577 9.04348 0
3.11203 7.65217 0 3.13278 7.86957 0
5.70539 6.82609 0 5.9751 6.82609 0
6.28631 2.43478 0 6.47303 3.21739 0
4.31535 11.4348 0 4.39834 11.4348 0
5.93361 8.30435 0 6.07884 8.34783 0
8.42324 18.3043 0 8.52697 18.5217 0
4.6888 1.86957 0 4.6888 1.78261 0
4.12863 1.95652 0 4.21162 1.86957 0
2.75934 18.1304 0 2.82158 18.087 0
5.9751 7.69565 0 6.30705 7.69565 0
3.13278 7.65217 0 3.13278 7.56522 0
6.80498 5.69565 0 6.80498 5.52174 0
3.96266 10.087 0 4.04564 10.0435 0
4.14938 9 0 4.14938 9.13043 0
6.72199 4.56522 0 6.78423 4.56522 0
5.04149 17.6522 0 5.12448 17.6957 0
6.61826 4.78261 0 6.65975 4.82609 0
5.78838 10 0 6.22407 10 0
3.40249 9.26087 0 3.63071 9.26087 0
3.38174 8.04348 0 3.60996 8.04348 0
3.27801 8.86957 0 3.44398 8.65217 0
7.92531 18.2174 0 8.29876 18.2174 0
1.6805 19.8696 0 1.95021 19.1304 0
6.51452 3.82609 0 6.639 4.26087 0
4.85477 1.86957 0 4.89627 1.86957 0
4.95851 1.78261 0 5.06224 1.30435 0
3.02905 3.86957 0 3.02905 4 0
2.94606 4.30435 0 3.02905 4.13043 0
2.67635 11.5217 0 2.67635 11.6087 0
6.55602 10.0435 0 6.59751 9.95652 0
5.20747 9.52174 0 5.39419 9.82609 0
5.04149 9.04348 0 5.08299 8.82609 0
4.83402 8.56522 0 4.91701 8.86957 0
7.15768 9.56522 0 7.15768 9.43478 0
2.75934 10.2609 0 2.78008 10 0
3.07054 10.4348 0 3.17427 10.4783 0
3.75519 4.47826 0 3.79668 4.3913 0
3.38174 15.3478 0 3.56846 15.7826 0
2.78008 6.47826 0 2.92531 5.82609 0
4.39834 9.04348 0 4.41909 8.65217 0
6.90871 13.8261 0 6.90871 13.6087 0
4.43983 9.26087 0 4.56432 8.73913 0
4.31535 8.3913 0 4.52282 8.3913 0
2.80083 6.82609 0 2.80083 7.56522 0
6.82573 7.65217 0 6.82573 7.56522 0
3.02905 12.4348 0 3.02905 12.2609 0
5.68465 1.86957 0 5.70539 1.73913 0
7.26141 12.8696 0 7.38589 12.1304 0
3.56846 3.17391 0 3.69295 3.43478 0
2.53112 8.95652 0 2.6971 9.73913 0
3.07054 3.6087 0 3.21577 3.34783 0
4.04564 9.17391 0 4.04564 9.04348 0
3.11203 3.47826 0 3.21577 3.30435 0
4.58506 7.91304 0 4.6473 7.86957 0
6.47303 5.43478 0 6.65975 5.95652 0
6.97095 13.1739 0 7.15768 13.0435 0
6.6805 9.91304 0 6.86722 9.26087 0
3.23651 5.52174 0 3.38174 5.13043 0
5.02075 8.52174 0 5.10373 8.6087 0
2.9668 11.9565 0 2.98755 11.8261 0
3.69295 8 0 3.75519 7.82609 0
6.59751 4 0 6.72199 4.34783 0
6.53527 9.82609 0 6.639 9.95652 0
4.27386 9.52174 0 4.27386 9.3913 0
6.88797 5.6087 0 6.88797 5.26087 0
2.88382 4.91304 0 3.0083 5.17391 0
5.99585 2.13043 0 6.0166 2.21739 0
4.93776 11.6957 0 5.18672 11.4348 0
1.97095 19.1304 0 2.07469 18.8696 0
4.66805 8.08696 0 4.66805 7.86957 0
4.06639 8.91304 0 4.12863 8.82609 0
4.21162 7.86957 0 4.25311 7.86957 0
6.88797 18.2609 0 7.05394 18.5652 0
6.78423 7.3913 0 6.80498 7.52174 0
3.21577 7.86957 0 3.25726 7.86957 0
6.86722 5.30435 0 6.86722 4.91304 0
5.06224 9.17391 0 5.24896 9.56522 0
6.97095 5.52174 0 6.9917 5.6087 0
4.43983 11.4783 0 4.52282 11.6522 0
8.58921 18.7826 0 8.71369 19.1304 0
6.51452 9.86957 0 6.53527 10.0435 0
8.56846 18.6957 0 8.60996 18.7826 0
5.51867 8.69565 0 5.70539 8.65217 0
5.51867 8.73913 0 5.60166 8.78261 0
4.95851 8.73913 0 5.02075 8.69565 0
7.40664 11.7826 0 7.40664 11.9565 0
6.72199 4.91304 0 6.82573 4.91304 0
2.80083 5.52174 0 2.94606 5.52174 0
3.73444 3.43478 0 3.77593 3.30435 0
4.25311 1.69565 0 4.25311 1.78261 0
7.73859 17.8696 0 7.80083 17.9565 0
6.80498 17.5652 0 6.80498 17.1739 0
4.97925 1.73913 0 5.08299 1.34783 0
2.80083 12.1304 0 2.86307 12.2609 0
2.84232 8.52174 0 2.88382 8.43478 0
2.88382 8.3913 0 3.04979 8.17391 0
2.67635 11.4783 0 2.67635 11.3913 0
4.85477 1.82609 0 4.91701 1.82609 0
2.88382 10.2174 0 2.94606 9.86957 0
7.36515 17.4783 0 7.40664 17.4783 0
3.46473 8.95652 0 3.6722 8.78261 0
5.26971 8.91304 0 5.29046 8.78261 0
4.58506 1.43478 0 4.6473 1.43478 0
5.10373 8.91304 0 5.20747 8.86957 0
3.54772 10.4783 0 3.69295 10.2174 0
3.96266 4.17391 0 4.23237 4 0
4.6473 8.3913 0 4.73029 8 0
7.07469 8.47826 0 7.07469 8.30435 0
4.29461 9.17391 0 4.31535 9.08696 0
4.97925 17.6087 0 5.02075 17.6087 0
5.02075 8.56522 0 5.08299 8.69565 0
2.86307 9.17391 0 2.9668 9.43478 0
4.37759 17.3043 0 4.60581 17.3913 0
5.47718 8.82609 0 5.53942 8.6087 0
6.61826 9.73913 0 6.70124 9.78261 0
2.82158 10.8261 0 2.82158 10.9565 0
5.85062 1.65217 0 5.9751 1.86957 0
3.0083 8.26087 0 3.11203 8.13043 0
2.92531 5.04348 0 2.98755 5.17391 0
6.41079 3.56522 0 6.43154 3.47826 0
5.72614 4.26087 0 5.82988 4.34783 0
3.44398 8.82609 0 3.44398 8.91304 0
2.6971 10.3043 0 2.73859 10.2609 0
7.42739 11.5652 0 7.42739 11.7391 0
6.84647 5.73913 0 7.01245 5.65217 0
6.80498 14.4348 0 6.80498 14.3478 0
4.52282 8.95652 0 4.54357 8.69565 0
4.04564 8.04348 0 4.23237 8.13043 0
6.90871 8.34783 0 6.97095 7.95652 0
3.56846 3.21739 0 3.56846 3.13043 0
3.65145 8.78261 0 3.69295 8.91304 0
4.29461 9.34783 0 4.29461 9.21739 0
5.72614 8.3913 0 5.80913 8.34783 0
5.62241 1.56522 0 5.64315 1.73913 0
3.15353 7.56522 0 3.21577 7.43478 0
2.94606 4.08696 0 2.94606 4.21739 0
4.25311 8.21739 0 4.29461 8.26087 0
4.08714 9.95652 0 4.12863 9.95652 0
3.15353 5.95652 0 3.17427 5.82609 0
3.63071 8 0 3.79668 8 0
5.56017 8.65217 0 5.60166 8.69565 0
2.92531 10.1304 0 2.9668 10.1304 0
2.07469 18.913 0 2.13693 18.7826 0
5.14523 8.95652 0 5.18672 8.95652 0
4.10788 1.91304 0 4.12863 1.69565 0
7.07469 7.26087 0 7.11618 7.52174 0
7.63485 17.6522 0 7.75934 17.8696 0
6.95021 5.47826 0 6.97095 5.56522 0
4.41909 8.52174 0 4.48133 8.52174 0
3.07054 13.6957 0 3.07054 13.5652 0
7.05394 9.91304 0 7.13693 9.91304 0
9.06639 19.6522 0 9.14938 19.913 0
3.65145 9.21739 0 3.71369 9.21739 0
3.11203 6.13043 0 3.11203 6.04348 0
3.42324 3 0 3.56846 2.78261 0
3.15353 10.2609 0 3.19502 10.4783 0
5.76763 8.91304 0 5.82988 8.91304 0
6.74274 14.8696 0 6.74274 15 0
6.82573 5.30435 0 6.84647 5.52174 0
4.10788 13.7391 0 4.27386 13.6522 0
4.27386 2.13043 0 4.48133 1.82609 0
4.41909 1.52174 0 4.6888 1.43478 0
2.90456 12.3478 0 3.0083 12.1739 0
6.47303 10.087 0 6.49378 9.86957 0
6.59751 4.04348 0 6.61826 4.13043 0
5.20747 8.6087 0 5.20747 8.3913 0
2.78008 6.52174 0 2.86307 6.17391 0
4.21162 1.82609 0 4.31535 1.6087 0
6.90871 7.91304 0 6.97095 7.91304 0
2.88382 9.69565 0 2.98755 9.86957 0
5.41494 10.087 0 5.49793 10.1304 0
6.70124 9.47826 0 6.80498 9.52174 0
2.71784 8.69565 0 2.71784 8.78261 0
5.22822 8.47826 0 5.22822 8.34783 0
6.95021 13.3043 0 6.95021 13.3913 0
6.97095 13.1304 0 7.01245 13.1304 0
4.93776 8.47826 0 5.02075 8.43478 0
4.3361 9.78261 0 4.37759 9.65217 0
6.6805 4.6087 0 6.70124 4.86957 0
4.48133 8.47826 0 4.58506 8.34783 0
6.18257 2.04348 0 6.22407 2.30435 0
6.6805 9.6087 0 6.70124 9.52174 0
4.95851 8.21739 0 5 8.04348 0
3.92116 16.6957 0 4.12863 16.9565 0
7.15768 13.087 0 7.17842 13 0
7.28216 9.78261 0 7.36515 9.82609 0
3.60996 2.78261 0 3.60996 3 0
7.6556 17.6957 0 7.6971 17.7826 0
2.6971 9.69565 0 2.78008 9.6087 0
4.06639 9.21739 0 4.12863 9.17391 0
2.55187 9 0 2.57261 9.13043 0
6.43154 2.91304 0 6.45228 3.21739 0
4.75104 17.5652 0 4.83402 17.5217 0
4.95851 8.34783 0 5.02075 8.3913 0
3.13278 8.13043 0 3.25726 8.13043 0
2.75934 8.13043 0 2.84232 8.08696 0
3.52697 9.21739 0 3.6722 8.91304 0
4.43983 1.86957 0 4.48133 1.78261 0
6.86722 5.56522 0 6.92946 5.47826 0
5.91286 1.78261 0 5.99585 2.04348 0
6.88797 18.3043 0 7.07469 18.6522 0
3.13278 14.1739 0 3.17427 14.4348 0
5.3112 9.73913 0 5.41494 9.82609 0
8.38174 18.2609 0 8.42324 18.3478 0
3.58921 10.4783 0 3.60996 10.2609 0
6.84647 14.1304 0 6.84647 14.2174 0
4.14938 13.7391 0 4.17012 13.913 0
4.41909 11.4783 0 4.46058 11.5652 0
3.02905 3.82609 0 3.04979 3.69565 0
6.53527 9.86957 0 6.639 9.69565 0
7.80083 18 0 7.90456 18.1739 0
6.84647 9.26087 0 6.92946 9.34783 0
4.87552 8.65217 0 4.95851 8.6087 0
7.53112 10.9565 0 7.53112 10.8696 0
2.86307 5.43478 0 2.86307 5.34783 0
3.44398 8.69565 0 3.48548 8.65217 0
3.52697 10.4783 0 3.63071 10.2609 0
5.68465 4.21739 0 5.74689 4.26087 0
1.80498 19.5652 0 1.82573 19.4348 0
3.46473 8.78261 0 3.50622 8.65217 0
4.87552 11.7826 0 4.91701 11.7391 0
4.29461 13.5652 0 4.39834 13.4348 0
2.9668 13.3043 0 3.0083 13.3478 0
3.92116 2.26087 0 3.92116 2.17391 0
2.75934 10 0 2.75934 9.91304 0
3.58921 15.8696 0 3.58921 15.9565 0
6.43154 7.47826 0 6.49378 7.30435 0
3.3195 18.3913 0 3.361 18.4348 0
5.12448 9.73913 0 5.24896 10 0
3.27801 8.08696 0 3.361 8.08696 0