4.05958 19.3257 0 4.28263 19.3257 0
9.59132 17.5473 0 10.1266 16.421 0
4.32725 4.50539 0 4.32725 3.73473 0
12.5356 16.5395 0 12.7587 16.0653 0
10.7066 19.8593 0 10.8404 19.5629 0
2.94431 15.2946 0 3.03353 14.9389 0
10.7958 13.4569 0 10.7958 13.5754 0
12.2234 9.78144 0 12.5356 9.12934 0
0.669162 17.488 0 2.27515 16.006 0
3.25659 17.0138 0 3.92575 15.8874 0
11.4204 21.2228 0 11.6434 22.2305 0
3.3012 25.1946 0 3.43503 24.8389 0
0.535329 22.9419 0 0.847605 22.7641 0
2.31976 11.6784 0 2.81048 11.6192 0
6.15629 18.1401 0 6.15629 18.318 0
11.2419 11.6784 0 11.3311 11.5006 0
2.45359 15.2353 0 3.52425 15.8281 0
0.981437 23.4754 0 1.15988 23.2976 0
5.57635 4.50539 0 5.66557 4.97964 0
11.7326 18.0216 0 11.7772 18.6144 0
8.16377 22.9419 0 8.20838 23.6533 0
4.01497 20.0964 0 4.01497 19.385 0
11.2865 11.0856 0 12.0449 10.4335 0
11.0189 14.9389 0 13.071 10.1964 0
7.22695 9.07006 0 7.27156 8.2994 0
4.9518 19.8593 0 5.21946 20.215 0
8.92216 6.22455 0 8.92216 6.04671 0
10.0374 1.65988 0 10.2605 1.65988 0
7.40539 3.26048 0 8.74371 5.51317 0
0.713772 17.1916 0 1.33832 16.9545 0
5.35329 17.0138 0 5.57635 16.7766 0
11.0635 12.1527 0 11.6434 11.5006 0
5.21946 3.43832 0 5.26407 3.2012 0
13.4278 17.7844 0 13.5171 17.7844 0
4.81796 6.81737 0 5.17485 7.41018 0
5.30868 19.8593 0 5.3979 20.3335 0
4.59491 16.4802 0 4.72874 16.1838 0
3.34581 7.88443 0 3.43503 7.11377 0
6.11168 10.7299 0 6.15629 10.5521 0
13.9186 15.8281 0 14.0078 15.8281 0
2.31976 16.4802 0 2.36437 16.1838 0
2.0521 12.3305 0 3.65808 10.9671 0
7.58383 4.09042 0 8.07455 1.36347 0
14.0078 19.5036 0 14.4539 19.6222 0
1.91826 10.9671 0 2.58742 10.9078 0
8.02994 23.4754 0 8.07455 23.1198 0
3.88114 7.29162 0 3.97036 7.41018 0
1.38293 25.2539 0 1.69521 24.9575 0
2.14132 21.8156 0 2.23054 22.2898 0
3.25659 11.382 0 3.79192 12.8048 0
4.77335 8.9515 0 4.81796 8.71437 0
7.62844 8.53653 0 7.67305 8.35868 0
8.20838 16.8952 0 9.01138 17.4287 0
7.45 3.02335 0 7.58383 2.5491 0
0.936826 13.5754 0 1.42754 13.1605 0
7.89611 9.30719 0 7.89611 8.71437 0
11.9557 21.1635 0 12.1341 21.2228 0
9.05599 16.7174 0 9.36826 15.4132 0
2.81048 19.2072 0 4.1488 19.7407 0
9.32365 15.5317 0 9.5021 15.5317 0
7.31617 15.0575 0 7.71766 14.8796 0
7.27156 22.0527 0 7.53922 22.3491 0
3.56886 18.0216 0 4.19341 16.9545 0
12.0449 19.9778 0 12.2234 20.0964 0
2.00748 17.6066 0 2.27515 16.8952 0
6.46856 20.8078 0 7.18234 20.0371 0
7.13772 2.90479 0 7.27156 2.60838 0
2.27515 12.8048 0 2.85509 13.279 0
5.17485 17.0731 0 5.3979 16.3617 0
6.15629 15.591 0 6.2009 16.1838 0
10.885 13.3976 0 12.5802 9.12934 0
11.2865 11.6784 0 12.1787 9.2479 0
10.7512 14.9982 0 11.6434 12.9826 0
5.84401 5.03892 0 5.84401 4.86108 0
5.21946 17.0138 0 5.48713 16.5988 0
10.5728 18.5551 0 10.7512 18.8515 0
3.79192 4.56467 0 3.92575 4.8018 0
7.45 24.009 0 7.94072 25.4317 0
8.11916 9.9 0 8.16377 10.3743 0
4.19341 12.8048 0 4.23802 11.6784 0
1.11527 15.2353 0 1.33832 14.524 0
13.1602 9.9 0 13.1602 9.18862 0
1.96287 18.8515 0 2.94431 17.5473 0
8.83293 9.07006 0 8.92216 8.59581 0
7.31617 13.3383 0 8.65449 14.524 0
0.133832 21.697 0 0.312275 21.6377 0
6.95928 8.83293 0 7.00389 8.65509 0
6.55778 19.8 0 6.73623 19.8 0
13.071 15.2353 0 13.294 15.2353 0
12.9371 18.8515 0 13.0263 18.9701 0
1.87365 12.9234 0 2.0521 12.3898 0
1.91826 16.8359 0 1.96287 17.6659 0
9.23443 0.889222 0 9.23443 0.177844 0
4.37186 8.71437 0 5.21946 7.46946 0
3.39042 12.5084 0 3.47964 12.6862 0
1.69521 18.9108 0 1.82904 18.9108 0
7.45 22.8234 0 7.58383 22.4677 0
5.57635 10.7299 0 5.62096 11.0263 0
10.3943 15.2946 0 10.8404 15.2353 0
3.3012 25.491 0 3.34581 25.3132 0
11.688 22.2305 0 11.8219 22.2305 0
4.50569 8.9515 0 4.50569 7.76587 0
8.38683 23.4162 0 8.6991 23.8904 0
8.25299 2.31198 0 8.47605 1.89701 0
11.1081 17.8437 0 11.465 18.5551 0
3.39042 12.6862 0 3.61347 11.6784 0
9.72515 0.711377 0 9.72515 0.948503 0
8.20838 13.9311 0 8.56527 14.0497 0
11.7772 19.2072 0 12.2234 19.5036 0
1.07066 15.6503 0 1.60599 14.1683 0
7.09311 20.6299 0 7.09311 20.2743 0
2.27515 18.3772 0 2.4982 18.318 0
7.40539 23.1198 0 7.89611 21.9341 0
2.94431 13.2198 0 3.70269 15.1168 0
7.13772 21.4599 0 7.27156 21.4006 0
3.12275 15.8874 0 4.19341 15.8281 0
9.99281 15.4132 0 10.3943 14.3461 0
13.4278 13.0419 0 13.5617 12.7455 0
3.92575 17.6659 0 4.32725 16.7766 0
4.9518 18.4365 0 5.17485 18.4365 0
10.885 15.176 0 11.1527 14.524 0
11.9111 18.9108 0 11.9557 19.4443 0
2.67665 19.6222 0 2.98892 18.9108 0
4.90719 17.3695 0 4.90719 17.488 0
2.54281 12.9826 0 2.67665 12.7455 0
7.71766 3.02335 0 7.71766 2.19341 0
7.36078 17.5473 0 7.36078 17.2509 0
8.2976 4.03114 0 8.34222 3.55689 0
5.3979 20.8078 0 5.62096 20.9263 0
9.9482 16.3024 0 12.8033 9.95928 0
5.57635 19.6814 0 5.71018 19.0293 0
4.37186 12.3898 0 4.41647 13.8719 0
6.02245 18.0808 0 6.73623 18.3772 0
11.8219 15.7689 0 13.9632 10.2557 0
9.45749 1.00778 0 9.54671 0.592814 0
5.53174 10.2557 0 5.88862 10.2557 0
4.90719 17.0138 0 4.90719 16.421 0
7.40539 8.18084 0 7.45 8.06227 0
6.24551 19.2072 0 6.33473 19.2072 0
5.93323 4.86108 0 5.97784 5.0982 0
8.43144 24.3054 0 8.87754 23.179 0
3.65808 19.8 0 3.74731 19.4443 0
5.88862 7.58802 0 5.93323 7.46946 0
3.47964 13.3383 0 3.79192 12.8641 0
0.401497 23.1198 0 0.446108 23.0012 0
5.08563 6.81737 0 5.13024 7.23234 0
6.73623 12.2713 0 6.82545 11.9748 0
5.88862 19.385 0 6.06707 18.8515 0
3.16737 6.99521 0 3.21198 7.46946 0
10.4389 13.279 0 11.5096 10.4335 0
13.5171 19.2665 0 14.1416 19.1479 0
2.18593 16.8952 0 2.45359 17.488 0
6.29012 19.8 0 7.00389 20.3928 0
3.43503 9.36647 0 4.01497 11.7377 0
7.80689 23.6533 0 8.25299 24.1868 0
2.00748 18.0216 0 2.00748 18.5551 0
13.7847 14.1683 0 13.874 14.4054 0
4.37186 16.8359 0 4.72874 16.8952 0
6.15629 20.9263 0 6.64701 21.1042 0
11.7772 18.7329 0 12.268 18.4958 0
12.6695 13.7533 0 13.3386 12.0341 0
8.6991 24.424 0 8.92216 24.7204 0
4.01497 24.3647 0 4.05958 24.0683 0
0.57994 14.9389 0 1.38293 15.4132 0
5.17485 20.3335 0 5.21946 20.1557 0
8.25299 17.1323 0 8.2976 16.8359 0
6.82545 16.1245 0 6.95928 15.591 0
6.33473 15.0575 0 6.46856 15.4725 0
7.18234 23.0012 0 7.62844 22.112 0
2.14132 22.2898 0 2.31976 22.2898 0
7.58383 14.2868 0 7.89611 13.3976 0
5.66557 17.0138 0 5.7994 16.4802 0
13.3386 17.0731 0 14.3647 16.7174 0
8.11916 14.1683 0 8.20838 13.6347 0
6.24551 17.3695 0 6.33473 16.8359 0
8.92216 18.1401 0 9.27904 17.9623 0
7.09311 23.0012 0 7.27156 22.5269 0
9.90359 15.176 0 10.082 14.5832 0
8.92216 16.0653 0 9.14521 17.6066 0
12.6695 16.1838 0 13.3386 14.524 0
4.9518 10.0778 0 5.53174 10.9671 0
13.071 9.12934 0 13.8293 9.72216 0
4.28263 8.12156 0 4.32725 8.24012 0
2.94431 18.7922 0 3.16737 19.2072 0
7.8515 4.44611 0 7.89611 4.03114 0
10.5281 15.7096 0 10.6174 15.591 0
12.0895 19.1479 0 12.2234 19.2072 0
1.33832 16.6581 0 1.78443 15.5317 0
0.490719 16.9545 0 0.847605 17.4287 0
8.02994 25.2539 0 8.02994 25.1353 0
10.5728 15.3539 0 10.7512 15.3539 0
4.23802 6.40239 0 4.32725 6.58024 0
1.02605 16.8952 0 1.60599 17.2509 0
5.93323 18.2587 0 6.37934 18.4365 0
7.13772 12.0341 0 7.13772 11.2042 0
9.45749 15.0575 0 9.54671 15.176 0
12.268 11.2635 0 12.6249 11.382 0
1.87365 17.0731 0 2.72126 18.0216 0
4.46108 6.40239 0 5.57635 5.63174 0
8.78832 17.9623 0 9.41287 17.2509 0
0.981437 13.3976 0 1.29371 12.0341 0
8.20838 9.84072 0 8.34222 9.48503 0
6.73623 15.8281 0 6.87006 14.6425 0
5.93323 11.7377 0 6.06707 11.5599 0
3.61347 11.6192 0 3.88114 11.2635 0
13.2494 17.7251 0 13.3832 17.3695 0
5.3979 7.23234 0 5.3979 7.3509 0
7.76228 13.5754 0 7.76228 13.3383 0
7.89611 0.711377 0 7.89611 0.592814 0
8.2976 2.84551 0 8.2976 3.14192 0
4.59491 19.8 0 4.99641 19.8 0
10.082 15.9467 0 10.2605 16.1838 0
7.76228 24.3647 0 7.94072 24.8389 0
2.45359 22.5862 0 2.67665 22.4677 0
3.3012 6.34311 0 3.74731 4.62395 0
5.35329 19.4443 0 5.48713 18.5551 0
10.7512 20.1557 0 11.4204 20.8078 0
2.14132 17.5473 0 2.23054 17.2509 0
6.2009 21.1635 0 6.51317 20.8078 0
2.81048 16.4802 0 3.21198 17.0138 0
5.44251 19.6222 0 5.7994 19.5036 0
8.38683 0.948503 0 8.43144 0.592814 0
7.18234 8.41796 0 7.18234 9.12934 0
12.4464 17.903 0 13.0263 18.5551 0
9.14521 0.118563 0 9.14521 -6.15348e-015 0
5.30868 5.69102 0 5.30868 6.28383 0
10.4835 1.42275 0 10.5281 0.948503 0
11.7772 19.385 0 12.0449 19.8593 0
8.25299 23.6533 0 8.34222 22.7048 0
1.69521 12.3898 0 2.36437 11.6784 0
4.77335 15.0575 0 4.77335 14.9389 0
1.20449 13.0419 0 1.56138 11.9748 0
4.50569 21.8156 0 4.5503 21.4599 0
1.60599 22.8234 0 2.00748 22.7048 0
10.082 18.2587 0 10.7512 18.0808 0
8.43144 23.1198 0 8.43144 22.8234 0
7.80689 17.3102 0 9.23443 16.7766 0
4.23802 8.53653 0 4.23802 8.83293 0
4.50569 20.3928 0 4.59491 19.7407 0
8.38683 4.8018 0 8.38683 5.21677 0
2.18593 15.4132 0 2.4982 14.7018 0
2.31976 18.318 0 2.31976 17.0731 0
2.81048 15.2353 0 3.39042 15.4132 0
8.07455 23.8904 0 8.83293 24.8982 0
14.3201 23.8904 0 14.4539 23.9497 0
2.81048 14.2868 0 3.16737 15.2946 0
8.07455 4.74251 0 8.07455 4.44611 0
7.76228 3.67545 0 8.02994 1.71916 0
10.6174 19.4443 0 10.7958 19.2072 0
6.33473 12.1527 0 6.37934 11.8563 0
3.16737 12.0341 0 4.81796 9.72216 0
4.32725 12.4491 0 4.32725 12.5677 0
6.42395 11.1449 0 6.55778 10.9671 0
10.7512 20.0964 0 10.885 19.8593 0
5.17485 10.3743 0 5.48713 10.3743 0
3.12275 25.4317 0 3.16737 24.8982 0
0.223054 17.0731 0 0.624551 16.5988 0
1.69521 15.8281 0 1.82904 15.8281 0
4.77335 10.9671 0 4.9518 10.1371 0
1.15988 18.2587 0 2.45359 18.6144 0
3.47964 13.2198 0 3.70269 13.3976 0
4.10419 22.3491 0 4.1488 21.9341 0
8.38683 9.95928 0 8.38683 9.84072 0
7.0485 12.1527 0 7.09311 11.2042 0
11.3757 18.2587 0 11.8219 17.9623 0
1.87365 11.5006 0 1.96287 11.2042 0
3.3012 17.8437 0 3.39042 17.9623 0
6.24551 16.0653 0 6.42395 15.176 0
4.19341 17.0138 0 4.28263 16.6581 0
12.4018 10.9671 0 12.7141 10.6707 0
13.5171 19.7407 0 13.6063 19.8593 0
7.76228 4.32754 0 7.89611 3.2012 0
4.77335 9.95928 0 4.86257 9.95928 0
8.16377 4.03114 0 8.25299 3.37904 0
6.6024 18.7329 0 6.64701 18.3772 0
7.27156 11.382 0 7.27156 11.0263 0
9.81437 3.02335 0 9.90359 3.02335 0
6.6024 11.3228 0 6.64701 11.0856 0
5.48713 5.98742 0 5.48713 6.34311 0
1.33832 17.0138 0 1.91826 15.7096 0
4.23802 4.92036 0 4.23802 4.74251 0
4.1488 17.7251 0 4.77335 16.2431 0
3.12275 15.8281 0 3.74731 14.9982 0
14.0524 19.385 0 14.3647 19.3257 0
3.39042 10.6707 0 3.43503 10.7892 0
3.74731 19.0293 0 4.72874 19.0293 0
6.87006 3.61617 0 6.91467 3.43832 0
13.8293 20.7485 0 14.1862 20.6892 0
1.60599 11.9748 0 1.69521 11.7377 0
2.63204 18.9108 0 3.34581 18.4958 0
4.01497 16.9545 0 4.37186 15.8874 0
7.94072 23.2976 0 8.6991 24.3054 0
7.18234 11.1449 0 7.18234 12.0341 0
3.07814 18.1401 0 3.21198 17.903 0
2.09671 19.2072 0 2.58742 19.6222 0
7.31617 20.1557 0 7.40539 21.1635 0
3.92575 14.4054 0 4.41647 14.524 0
4.50569 24.7796 0 4.50569 24.6611 0
6.42395 25.4317 0 6.6024 25.1946 0
5.53174 8.06227 0 5.7994 8.00299 0
5.88862 15.6503 0 5.88862 15.5317 0
12.5356 17.9623 0 13.071 17.8437 0
2.85509 17.7251 0 2.94431 17.0731 0
-1.53837e-015 18.1994 0 0.535329 18.1994 0
9.32365 15.1168 0 9.99281 14.3461 0
4.81796 21.8156 0 5.04102 22.1713 0
3.07814 7.17305 0 4.05958 7.76587 0
7.13772 8.47725 0 7.13772 9.2479 0
13.4725 13.6347 0 13.5617 13.6347 0
13.874 15.9467 0 14.3201 15.591 0
9.01138 16.3617 0 9.18982 17.6066 0
7.22695 19.9186 0 7.31617 19.2072 0
6.91467 21.0449 0 7.18234 22.0527 0
8.47605 16.7174 0 9.1006 18.0808 0
8.6991 8.77365 0 8.92216 7.29162 0
3.88114 18.0808 0 4.1488 17.9623 0
1.38293 15.6503 0 1.69521 15.6503 0
6.78084 20.8078 0 6.78084 21.0449 0
4.1488 24.7204 0 4.1488 24.6018 0
5.04102 16.006 0 5.04102 15.8874 0
3.25659 12.0934 0 4.19341 11.6784 0
6.82545 11.5599 0 6.87006 11.3228 0
3.83653 7.3509 0 4.01497 7.58802 0
3.83653 14.7018 0 4.10419 13.9311 0
3.12275 18.318 0 3.3012 18.318 0
4.46108 22.6455 0 4.63952 21.8156 0
0.936826 17.1916 0 0.936826 17.3102 0
12.4464 14.9389 0 13.4725 13.0419 0
4.68413 16.3617 0 5.08563 16.5395 0
6.64701 21.5784 0 6.78084 20.5114 0
7.76228 1.77844 0 7.8515 1.30419 0
2.63204 19.385 0 3.3012 19.8 0
3.16737 25.076 0 3.56886 24.7204 0
6.64701 12.2713 0 6.73623 12.0341 0
4.9518 8.35868 0 5.66557 8.24012 0
8.52066 17.4287 0 9.18982 17.4287 0
3.34581 16.9545 0 4.10419 16.3617 0
12.7141 10.5521 0 12.9817 9.9 0
7.36078 22.112 0 8.83293 21.697 0
6.82545 25.3725 0 6.82545 24.7796 0
7.31617 24.3054 0 7.40539 24.4832 0
10.4835 13.3976 0 10.5728 14.109 0
10.885 12.212 0 10.9743 12.0341 0
3.12275 23.8904 0 3.12275 24.2461 0
9.45749 15.8281 0 10.0374 16.6581 0
3.25659 23.8904 0 3.39042 23.594 0
14.0524 23.5347 0 14.2308 23.7719 0
2.31976 22.3491 0 2.54281 21.9341 0
8.11916 1.36347 0 8.20838 2.25269 0
3.70269 18.0216 0 3.74731 17.488 0
5.88862 11.6784 0 5.93323 11.3228 0
10.082 14.109 0 10.1713 14.4647 0
4.5503 9.30719 0 4.86257 9.30719 0
5.48713 10.315 0 5.66557 10.5521 0
3.3012 8.59581 0 3.56886 7.23234 0
7.71766 23.4162 0 7.98533 23.0605 0
9.32365 0.770659 0 9.41287 0.41497 0
3.83653 17.903 0 3.97036 17.903 0
4.32725 6.22455 0 4.37186 6.58024 0
6.82545 11.2635 0 6.91467 12.212 0
3.92575 18.7922 0 4.01497 18.4958 0
7.22695 9.66287 0 7.67305 9.66287 0
5.88862 6.93593 0 5.88862 6.75808 0
11.2419 18.318 0 11.465 18.1401 0
7.76228 23.4162 0 8.02994 23.0605 0
4.81796 9.01078 0 5.08563 9.01078 0
10.5728 18.1994 0 11.0635 17.8437 0
3.92575 10.8485 0 4.1488 10.8485 0
7.00389 21.9341 0 7.09311 21.9341 0
6.82545 21.6377 0 6.82545 21.0449 0
6.02245 16.8952 0 6.06707 15.7689 0
9.85898 14.9982 0 9.9482 14.8204 0
4.10419 9.95928 0 5.08563 8.59581 0
1.11527 16.421 0 1.33832 15.591 0
6.91467 10.5521 0 6.95928 10.4335 0
3.39042 11.2635 0 4.72874 9.36647 0
2.94431 14.524 0 3.88114 15.1168 0
4.77335 3.37904 0 5.30868 3.2012 0
13.6955 17.488 0 13.7847 17.2509 0
7.80689 10.7892 0 7.8515 10.3743 0
3.56886 6.04671 0 3.92575 4.74251 0
5.66557 11.382 0 5.84401 11.2635 0
4.01497 17.6659 0 4.19341 17.1323 0
13.6063 19.4443 0 13.7847 19.5629 0
11.5096 21.9341 0 11.6434 21.4599 0
6.82545 24.0683 0 6.82545 24.7204 0
6.78084 15.1168 0 7.22695 15.2353 0
13.2494 17.9623 0 13.4278 17.3695 0
13.071 15.8281 0 13.071 15.9467 0
2.40898 17.0731 0 2.45359 18.7922 0
5.35329 18.7922 0 5.48713 19.2072 0
3.16737 14.3461 0 3.65808 15.5317 0
11.3757 11.3228 0 11.4204 11.6192 0
5.93323 10.6114 0 6.11168 10.4928 0
4.01497 18.1994 0 4.81796 16.2431 0
7.45 13.7533 0 7.53922 13.1605 0
7.31617 3.2012 0 7.53922 4.03114 0
7.67305 15.1168 0 7.98533 15.176 0
8.96677 14.3461 0 9.14521 14.524 0
4.1488 5.63174 0 4.19341 5.27605 0
6.51317 16.5988 0 6.51317 16.4802 0
2.00748 25.491 0 2.31976 25.1946 0
14.0524 23.4162 0 14.4093 23.4162 0
6.82545 9.07006 0 7.0485 9.42575 0
5.62096 16.5395 0 5.75479 16.7766 0
3.83653 4.44611 0 4.23802 4.26826 0
8.60988 17.6066 0 8.87754 17.7251 0
4.19341 3.91257 0 4.28263 4.20898 0
3.92575 19.9778 0 3.97036 19.7407 0
4.99641 20.5707 0 4.99641 20.1557 0
1.78443 19.1479 0 2.4982 19.2072 0
7.09311 15.6503 0 7.09311 15.5317 0
10.5728 18.7922 0 10.7958 18.9701 0
5.97784 3.08263 0 6.29012 3.43832 0
4.05958 10.6114 0 4.72874 10.6114 0
8.52066 17.2509 0 8.96677 16.8952 0
8.47605 15.0575 0 8.6991 15.4725 0
10.662 1.6006 0 10.7066 1.42275 0
8.16377 4.86108 0 8.20838 4.50539 0
14.2308 15.4725 0 14.2308 16.421 0
13.4278 12.6862 0 13.4725 11.8563 0
7.94072 9.2479 0 7.98533 9.07006 0
7.67305 4.20898 0 7.76228 3.26048 0
4.81796 19.3257 0 4.90719 18.7922 0
5.3979 10.4335 0 5.44251 11.1449 0
10.2605 13.7533 0 10.3943 13.6347 0
5.17485 7.23234 0 5.21946 8.59581 0
7.76228 21.1635 0 7.89611 21.5784 0
4.81796 20.3335 0 4.86257 19.9778 0
4.01497 6.81737 0 4.28263 6.22455 0
10.885 12.9234 0 12.3126 9.18862 0
8.78832 24.4832 0 9.1006 25.1946 0
1.91826 17.488 0 1.96287 17.2509 0
4.01497 24.424 0 4.1488 24.1868 0
12.7141 9.12934 0 13.1156 9.95928 0
12.0895 17.4287 0 12.6249 17.1916 0
3.25659 25.5503 0 3.39042 25.3132 0
4.19341 10.8485 0 4.50569 10.8485 0
3.16737 13.8719 0 3.47964 13.5754 0
4.28263 8.59581 0 4.41647 9.01078 0
1.69521 11.382 0 1.82904 11.5599 0
12.8033 18.2587 0 13.2048 18.0216 0
1.91826 21.8156 0 2.09671 21.7563 0
5.35329 20.2743 0 5.3979 20.0964 0
4.46108 3.61617 0 4.81796 3.67545 0
6.24551 12.0934 0 6.29012 11.797 0
9.41287 17.1323 0 9.63593 17.3695 0
6.15629 20.2743 0 6.37934 20.5707 0
7.89611 22.4084 0 8.74371 23.0605 0
1.33832 15.1168 0 1.73982 14.7018 0
2.72126 16.8952 0 2.85509 17.4287 0
3.25659 17.9623 0 3.34581 18.5551 0
11.9111 22.112 0 12.2234 20.5114 0
8.11916 0.177844 0 8.11916 -6.15348e-015 0
7.94072 2.78623 0 8.56527 2.13413 0
3.39042 23.8311 0 3.43503 23.6533 0
1.51677 16.4802 0 1.82904 15.5317 0
7.31617 23.0605 0 7.40539 22.5269 0
8.16377 9.9 0 8.20838 9.72216 0
7.27156 3.2012 0 7.53922 3.08263 0
6.64701 15.176 0 6.69162 15.7689 0
13.4278 17.5473 0 13.4725 17.3695 0
4.37186 3.73473 0 4.46108 4.03114 0
5.75479 10.4335 0 6.95928 11.6784 0
8.38683 3.2012 0 8.47605 2.43054 0
9.59132 2.19341 0 10.1713 2.01557 0
1.42754 16.006 0 1.56138 16.006 0
1.78443 22.9419 0 1.78443 22.8234 0
11.9111 18.4365 0 12.268 18.7329 0
5.04102 10.1371 0 5.17485 10.315 0
3.74731 18.9701 0 3.97036 18.5551 0
3.88114 19.6814 0 3.97036 20.0371 0
5.35329 18.318 0 5.44251 18.318 0
4.68413 3.43832 0 4.77335 3.43832 0
4.63952 22.0527 0 4.63952 21.9341 0
9.36826 14.5832 0 9.72515 14.9982 0
6.91467 0.474251 0 6.91467 0.652096 0
3.79192 14.7018 0 3.97036 14.8204 0
3.39042 17.2509 0 4.10419 17.7251 0
3.92575 8.53653 0 4.19341 8.53653 0
13.2494 15.4725 0 13.2494 15.3539 0
0.802994 22.0527 0 1.69521 22.8826 0
10.5281 12.9826 0 10.5728 13.279 0
9.9482 0.711377 0 10.0374 0.474251 0
6.64701 25.5503 0 6.82545 25.5503 0
8.02994 9.01078 0 8.07455 8.83293 0
10.5281 18.1994 0 10.9743 17.8437 0
0.624551 21.9934 0 0.713772 21.9934 0
8.83293 18.0216 0 8.92216 18.0808 0
1.91826 12.9826 0 1.96287 13.6347 0
1.20449 13.2198 0 1.38293 13.279 0
13.9632 16.4802 0 14.4539 16.421 0
6.02245 11.8563 0 6.11168 11.5599 0
8.6991 15.0575 0 9.05599 14.4647 0
3.83653 8.83293 0 4.41647 7.52874 0
6.2009 19.8593 0 7.36078 21.2228 0
2.94431 12.7455 0 3.34581 12.212 0
6.69162 9.42575 0 6.87006 9.72216 0
8.02994 14.0497 0 8.11916 13.8126 0
11.5096 10.4928 0 11.7326 10.0778 0
7.13772 24.009 0 7.27156 23.8904 0
1.51677 22.7641 0 1.60599 22.7641 0
3.88114 4.38683 0 4.28263 4.62395 0
4.9518 18.7922 0 5.08563 20.0964 0
4.01497 4.1497 0 4.28263 4.68323 0
6.82545 20.2743 0 7.18234 21.697 0
9.01138 23.4754 0 9.05599 23.3569 0
4.10419 8.35868 0 4.1488 8.47725 0
8.52066 24.1275 0 8.65449 23.8904 0
11.9557 18.0808 0 12.0895 18.2587 0
0.892216 18.0808 0 1.07066 17.7844 0
11.2865 20.6299 0 11.5988 20.6299 0
3.39042 13.2198 0 3.61347 13.3976 0
5.93323 15.4725 0 6.24551 15.7096 0
11.9557 12.0341 0 12.1787 12.3898 0
0.401497 17.903 0 0.57994 17.903 0
12.9817 16.4802 0 12.9817 16.2431 0
14.0078 15.5317 0 14.0524 15.2353 0
12.6249 10.4928 0 13.0263 10.2557 0
13.6509 19.4443 0 13.6955 19.0293 0
11.9557 21.0449 0 12.1787 20.9856 0
7.31617 3.4976 0 7.36078 3.85329 0
8.6991 17.7844 0 8.78832 17.8437 0
5.88862 18.5551 0 6.02245 18.318 0
6.91467 23.0605 0 6.91467 23.179 0
2.31976 12.7455 0 2.36437 12.9826 0
8.60988 9.54431 0 8.6991 9.2479 0
5.44251 20.3335 0 5.75479 20.3335 0
11.6434 12.6269 0 11.8665 13.1012 0
13.6063 11.3228 0 13.6509 11.9156 0
1.07066 23.5347 0 1.07066 23.2976 0
6.87006 17.1323 0 7.00389 16.5988 0
5.48713 18.7922 0 5.97784 18.0808 0
5.26407 11.2042 0 5.26407 10.9078 0
9.63593 14.8204 0 9.90359 14.7611 0
4.77335 6.22455 0 5.62096 5.39461 0
7.49461 2.43054 0 7.94072 3.26048 0
7.49461 20.3928 0 7.62844 21.1042 0
2.45359 13.9311 0 2.81048 13.9904 0
7.09311 17.3102 0 8.07455 17.0138 0
8.87754 6.75808 0 9.01138 6.6988 0
6.06707 3.61617 0 6.11168 3.08263 0
8.11916 23.594 0 8.47605 23.4754 0
2.94431 7.76587 0 3.65808 8.71437 0
13.294 15.176 0 13.3832 14.9982 0
9.45749 17.6659 0 9.54671 17.5473 0
5.44251 5.27605 0 5.7994 6.04671 0
5.84401 7.82515 0 5.93323 7.05449 0
4.59491 10.8485 0 4.59491 10.1371 0
7.53922 22.9419 0 7.53922 23.2383 0
2.67665 10.9671 0 3.03353 11.6784 0
7.8515 3.97186 0 8.16377 2.37126 0
12.0449 17.488 0 12.268 17.4287 0
7.67305 23.0605 0 7.80689 24.5425 0
3.70269 17.0138 0 4.05958 17.2509 0
4.19341 14.2868 0 4.32725 14.3461 0
1.15988 12.4491 0 1.60599 12.5677 0
3.56886 17.1323 0 3.92575 16.6581 0
13.4725 19.2665 0 13.5171 18.9108 0
2.76587 18.6737 0 3.65808 19.4443 0
13.2048 13.279 0 13.3386 13.5162 0
6.37934 11.0263 0 6.46856 10.8485 0
12.5356 9.78144 0 12.8033 9.12934 0
0.713772 14.7018 0 0.892216 14.7611 0
14.0524 14.7611 0 14.3647 14.524 0
4.86257 22.0527 0 4.9518 21.5192 0
9.01138 14.6425 0 9.32365 14.9982 0
10.1266 15.8281 0 10.3943 16.0653 0
0.57994 17.9623 0 0.981437 17.7251 0
1.47216 14.109 0 2.54281 14.7018 0
4.50569 16.421 0 4.59491 16.0653 0
6.87006 8.89221 0 7.0485 9.36647 0
10.5728 18.6737 0 10.7512 18.6737 0
11.2865 19.2665 0 11.465 19.1479 0
2.58742 16.8359 0 2.76587 16.8952 0
6.64701 20.1557 0 6.73623 19.7407 0
13.0263 19.0886 0 13.4725 18.8515 0
4.68413 6.87665 0 4.77335 7.05449 0
12.9817 9.84072 0 13.4278 9.42575 0
5.08563 19.5036 0 5.08563 18.7922 0
0.535329 17.0731 0 0.669162 16.7766 0
10.5728 19.0886 0 10.7958 19.1479 0
9.27904 15.9467 0 10.082 16.5395 0
6.37934 21.1042 0 6.78084 21.2228 0
8.65449 17.6659 0 8.78832 17.5473 0
4.90719 22.5862 0 4.9518 22.3491 0
13.874 17.1323 0 14.4093 17.0138 0
11.9557 21.3413 0 12.0003 20.7485 0
4.50569 25.491 0 4.50569 25.3725 0
4.28263 17.903 0 4.46108 17.903 0
6.24551 20.6892 0 6.51317 20.4521 0
7.89611 22.4677 0 7.98533 22.2898 0
8.6991 21.5784 0 8.6991 21.8156 0
8.47605 16.9545 0 8.47605 16.6581 0
5.21946 19.2072 0 5.35329 19.2072 0
4.46108 13.9904 0 4.90719 14.5832 0
8.2976 3.4976 0 8.34222 3.97186 0
9.27904 18.5551 0 9.59132 18.6737 0
8.2976 5.03892 0 8.34222 4.68323 0
10.5728 13.6347 0 10.6174 13.9311 0
4.1488 19.8 0 4.32725 20.0371 0
7.62844 14.2868 0 7.94072 13.4569 0
8.87754 14.5832 0 9.32365 15.0575 0
9.01138 14.8796 0 9.18982 14.524 0
11.9557 20.4521 0 12.0449 20.0371 0
3.52425 18.0216 0 3.88114 17.9623 0
3.79192 19.4443 0 3.83653 19.6814 0
8.96677 18.2587 0 9.23443 18.0216 0
0.178443 21.6377 0 0.57994 21.8748 0
14.2308 14.524 0 14.4093 15.176 0
11.688 13.5162 0 12.9371 10.6114 0
3.52425 23.8311 0 3.70269 23.9497 0
3.43503 17.4287 0 3.79192 17.7844 0
8.43144 9.42575 0 8.65449 8.89221 0
5.62096 3.31976 0 5.62096 3.08263 0
6.37934 19.7407 0 6.73623 19.0293 0
6.02245 3.67545 0 6.02245 3.08263 0
11.8219 15.8281 0 11.9557 15.8281 0
3.39042 14.7611 0 3.97036 14.9389 0
2.98892 10.9078 0 3.39042 11.0263 0
4.32725 10.5521 0 4.63952 10.5521 0
9.01138 8.2994 0 9.1006 7.05449 0
8.25299 9.66287 0 8.34222 9.60359 0
7.36078 9.12934 0 7.53922 8.65509 0
2.36437 21.8156 0 2.58742 22.112 0
8.65449 5.80958 0 8.83293 5.7503 0
3.12275 12.7455 0 3.39042 12.2713 0
4.1488 9.2479 0 4.86257 8.83293 0
1.78443 16.1838 0 1.87365 15.5317 0
7.53922 9.18862 0 7.62844 8.83293 0
11.9111 18.6144 0 12.268 18.7922 0
6.42395 12.212 0 6.46856 11.9748 0
7.71766 9.54431 0 7.76228 9.36647 0
4.77335 5.98742 0 4.90719 6.22455 0
4.5503 3.85329 0 4.68413 3.79401 0
8.65449 16.3617 0 8.6991 16.6581 0
3.88114 14.4647 0 4.1488 14.524 0
6.73623 15.8874 0 6.87006 15.176 0
2.85509 23.3569 0 3.07814 23.9497 0
7.13772 2.72695 0 7.22695 2.60838 0
8.6991 13.7533 0 8.78832 13.7533 0
1.38293 13.9311 0 1.47216 14.0497 0
3.79192 8.77365 0 4.23802 7.64731 0
4.05958 20.3928 0 4.5503 20.3928 0
9.36826 0.0592814 0 9.36826 0.177844 0
14.4093 14.3461 0 14.4093 13.9311 0
12.9817 15.4725 0 13.2048 15.4725 0
1.38293 13.7533 0 1.38293 13.3383 0
6.73623 21.282 0 6.87006 21.282 0
3.47964 24.3647 0 3.56886 24.3647 0
8.87754 25.0168 0 9.01138 25.3132 0
2.81048 16.8359 0 2.94431 16.8359 0
6.15629 3.31976 0 7.45 3.91257 0
10.4389 13.4569 0 10.5281 14.109 0
2.98892 24.1275 0 3.52425 23.7719 0
7.22695 8.65509 0 7.49461 8.2994 0
8.43144 5.27605 0 8.52066 5.03892 0
2.76587 13.8126 0 3.25659 13.3976 0
8.52066 17.3695 0 8.74371 16.006 0
5.57635 11.3228 0 5.75479 11.2042 0
7.31617 11.0263 0 7.36078 11.2635 0
4.63952 7.3509 0 4.72874 7.17305 0
9.1006 1.89701 0 9.36826 1.89701 0
1.91826 15.5317 0 2.18593 16.1838 0
4.99641 15.3539 0 5.17485 15.1168 0
8.56527 5.69102 0 8.65449 5.39461 0
6.87006 16.3024 0 7.13772 16.5988 0
13.9632 20.6299 0 14.4539 21.4006 0
5.08563 16.1245 0 5.62096 17.0138 0
10.6174 14.9389 0 12.5802 10.6114 0
1.87365 18.4958 0 2.76587 17.3695 0
11.5988 20.6892 0 11.6434 21.697 0
5.3979 10.8485 0 5.44251 10.6114 0
6.02245 20.6892 0 6.15629 20.7485 0
4.10419 22.4677 0 4.1488 22.6455 0
8.20838 13.8719 0 8.2976 13.9904 0
5.21946 16.8359 0 5.30868 16.3024 0
0.713772 14.4054 0 0.892216 13.9904 0
12.8033 9.54431 0 12.8925 9.54431 0
4.23802 10.6707 0 4.37186 9.95928 0
11.7772 19.6222 0 12.0449 19.5629 0
7.98533 2.84551 0 8.07455 1.71916 0
4.68413 3.73473 0 5.35329 3.37904 0
12.0003 17.6066 0 12.1341 17.7844 0
14.1416 22.8234 0 14.4093 23.2976 0
14.2754 15.9467 0 14.4539 15.9467 0
0.669162 18.4958 0 0.936826 18.4365 0
8.6991 8.65509 0 8.92216 8.71437 0
6.42395 17.0731 0 7.00389 16.3024 0
7.58383 23.2976 0 7.80689 23.2383 0
7.58383 22.2898 0 7.67305 22.3491 0
0.802994 14.2275 0 0.981437 14.2275 0
4.68413 7.46946 0 5.30868 8.53653 0
5.08563 22.112 0 5.13024 21.8156 0
3.65808 18.8515 0 3.88114 18.1994 0
1.29371 12.1527 0 1.38293 12.3898 0
7.22695 15.4132 0 7.27156 15.0575 0
10.2605 13.8126 0 10.3497 14.524 0
10.3497 1.83772 0 10.4389 1.83772 0
8.25299 4.97964 0 8.2976 4.62395 0
2.98892 15.8281 0 3.47964 15.7096 0
5.62096 11.382 0 5.93323 11.6784 0
6.78084 0.652096 0 6.87006 0.652096 0
5.08563 11.2635 0 5.13024 10.7892 0
4.63952 19.3257 0 4.81796 19.0886 0
10.0374 14.1683 0 10.1713 14.4054 0
2.14132 12.8641 0 2.18593 13.1012 0
4.46108 7.11377 0 4.46108 7.23234 0
14.2308 13.7533 0 14.3647 14.4647 0
3.61347 12.8641 0 3.79192 12.9826 0
6.42395 19.2665 0 6.6024 19.385 0
8.56527 1.30419 0 8.6991 0.711377 0
7.89611 14.2275 0 8.07455 13.5754 0
9.01138 17.8437 0 9.23443 18.0808 0
11.2419 18.9108 0 11.465 18.9701 0
0.758383 22.7641 0 1.20449 22.6455 0
7.94072 14.8796 0 8.02994 14.9389 0
3.34581 11.9156 0 3.43503 11.9748 0
5.3979 8.18084 0 5.75479 8.12156 0
7.45 10.315 0 7.58383 10.1964 0
12.7141 10.1371 0 12.7587 9.78144 0
10.885 12.2713 0 10.885 12.6269 0
13.9186 13.9311 0 14.3647 13.9311 0
2.58742 10.315 0 2.94431 10.2557 0
1.07066 16.8359 0 1.29371 16.7174 0
-1.53837e-015 17.1323 0 0.133832 16.8359 0
0.802994 15.6503 0 0.892216 15.7096 0
12.1787 11.797 0 12.8479 10.315 0
8.60988 14.4647 0 8.74371 14.2275 0
8.87754 1.06707 0 9.18982 0.592814 0
5.62096 5.45389 0 5.71018 4.74251 0
3.70269 4.86108 0 3.83653 5.0982 0
3.92575 7.29162 0 3.97036 7.58802 0
4.01497 14.2868 0 4.28263 14.3461 0
6.24551 16.1838 0 6.33473 15.9467 0
2.63204 18.7922 0 2.76587 18.7922 0
5.7994 4.38683 0 5.7994 4.50539 0
5.88862 5.03892 0 5.88862 4.86108 0
3.83653 8.47725 0 3.92575 8.18084 0
6.95928 23.3569 0 6.95928 23.0012 0
12.2234 19.5629 0 12.268 18.8515 0
2.14132 25.076 0 2.23054 25.0168 0
4.63952 16.3024 0 4.86257 16.3024 0
3.65808 11.9748 0 4.01497 11.382 0
14.3647 20.4521 0 14.4539 20.4521 0
12.0003 15.6503 0 12.4464 15.0575 0
1.73982 16.5395 0 2.4982 16.4802 0
4.50569 7.05449 0 4.59491 6.93593 0
3.12275 14.524 0 3.16737 14.6425 0
6.15629 3.4976 0 6.33473 3.55689 0
4.23802 17.9623 0 4.68413 17.1916 0
0.936826 23.4162 0 1.02605 23.2976 0
10.7958 19.385 0 10.9743 20.1557 0
3.56886 10.6707 0 3.61347 10.9078 0
2.4982 19.2665 0 2.81048 19.4443 0
1.33832 15.8281 0 1.51677 14.5832 0
13.874 15.3539 0 14.3201 14.9389 0
11.2419 18.6737 0 11.7772 18.7922 0
0.892216 13.8719 0 1.11527 13.7533 0
6.02245 21.1635 0 6.51317 21.5784 0
2.98892 17.903 0 3.03353 17.6066 0
1.56138 16.7766 0 1.73982 16.1838 0
4.19341 7.23234 0 4.23802 8.12156 0
2.8997 17.7251 0 3.16737 17.7251 0
3.47964 15.1168 0 3.52425 14.7018 0
11.3757 18.318 0 11.6434 18.6144 0
7.36078 9.07006 0 7.36078 8.18084 0
5.66557 3.79401 0 5.66557 4.32754 0
11.5988 20.4521 0 11.5988 20.5707 0
3.47964 24.424 0 3.61347 24.6018 0
6.95928 25.5503 0 7.0485 25.3132 0
7.40539 2.60838 0 7.49461 2.25269 0
3.25659 11.8563 0 3.70269 11.9748 0
4.01497 18.7922 0 4.1488 18.6144 0
0.758383 18.5551 0 1.07066 18.5551 0
1.96287 21.9934 0 2.09671 21.8156 0
2.40898 13.4569 0 2.45359 13.8719 0
0.847605 18.0216 0 1.02605 18.0216 0
0.847605 17.903 0 1.29371 18.0216 0
10.2159 14.2868 0 10.2159 14.4054 0
7.67305 23.8311 0 7.89611 24.0683 0
6.82545 10.6114 0 7.58383 9.78144 0
13.8293 15.4725 0 13.874 15.2946 0
6.78084 21.5784 0 6.91467 21.282 0
7.71766 13.4569 0 8.07455 13.8126 0
10.7066 0.948503 0 10.7066 0.711377 0
7.13772 24.2461 0 7.22695 24.7204 0
11.5096 18.2587 0 11.9111 18.1994 0
11.1973 20.5707 0 11.4204 20.1557 0
4.01497 12.0341 0 4.23802 12.9826 0
0.57994 16.4802 0 0.624551 16.1245 0
3.88114 11.9748 0 4.41647 12.3305 0
9.5021 1.12635 0 9.59132 0.592814 0
2.63204 17.0731 0 2.72126 17.0731 0
3.97036 11.6784 0 4.10419 11.5006 0
7.45 3.97186 0 7.53922 3.43832 0
4.5503 22.4677 0 4.68413 22.7048 0
11.2865 1.83772 0 11.3311 2.07485 0
3.12275 12.0341 0 3.25659 11.5006 0
8.52066 16.5988 0 8.92216 16.5988 0
11.465 10.6114 0 12.491 9.78144 0
6.73623 9.2479 0 7.00389 9.42575 0
6.87006 15.591 0 6.91467 15.2353 0
6.87006 21.0449 0 6.91467 20.7485 0
10.3943 15.9467 0 10.4835 15.8874 0
4.1488 16.5988 0 4.59491 16.006 0
8.07455 23.5347 0 8.6991 23.0605 0
7.27156 17.5473 0 7.45 17.2509 0
5.26407 6.99521 0 5.35329 7.11377 0
8.74371 1.00778 0 8.96677 1.06707 0
2.76587 11.8563 0 2.81048 11.0856 0
3.52425 11.797 0 4.05958 11.4413 0
7.98533 14.9389 0 8.43144 14.9982 0
3.3012 6.58024 0 3.3012 6.46168 0
1.87365 16.8359 0 2.00748 15.2353 0
9.68054 1.06707 0 9.68054 0.711377 0
1.51677 16.7766 0 1.60599 16.7766 0
6.78084 18.3772 0 7.13772 18.5551 0
7.62844 10.6707 0 7.67305 10.5521 0
0.133832 17.903 0 0.267665 18.0216 0
2.45359 16.8952 0 2.76587 17.6659 0
12.8479 15.7689 0 13.1156 15.7689 0
7.94072 25.491 0 8.07455 25.5503 0
9.41287 0.177844 0 9.41287 0.355689 0
8.78832 6.46168 0 8.78832 6.34311 0
11.9111 9.48503 0 12.3572 9.42575 0
13.071 19.3257 0 13.294 19.2072 0
8.16377 2.19341 0 8.20838 1.65988 0
1.42754 12.9826 0 1.6506 12.4491 0
8.11916 0.237126 0 8.16377 0.770659 0
8.2976 2.37126 0 8.34222 2.19341 0
7.76228 22.7048 0 8.02994 22.9419 0
4.72874 22.6455 0 4.77335 22.4084 0
9.85898 16.8952 0 9.99281 16.7766 0
10.4389 15.176 0 10.9743 14.9982 0
5.48713 17.0138 0 5.53174 16.5988 0
10.8404 1.30419 0 10.9743 0.948503 0
1.29371 14.7611 0 1.38293 14.524 0
6.95928 14.524 0 7.09311 14.524 0
6.69162 12.0341 0 6.87006 12.212 0
3.43503 24.8982 0 3.56886 24.6611 0
2.54281 14.2868 0 2.63204 14.2868 0
5.62096 7.88443 0 5.7994 7.88443 0
10.8404 12.3305 0 11.1081 12.7455 0
3.47964 11.4413 0 3.56886 11.3228 0
14.3647 16.006 0 14.4093 16.1245 0
7.36078 10.0778 0 7.40539 9.95928 0
7.58383 16.5395 0 7.76228 16.5395 0
13.6063 13.9311 0 13.7401 13.694 0
3.3012 13.8126 0 3.39042 13.7533 0
2.98892 17.1916 0 3.21198 16.7766 0
4.37186 14.4647 0 4.41647 14.5832 0
4.46108 8.35868 0 4.59491 8.59581 0
8.20838 4.92036 0 8.25299 4.56467 0
8.34222 16.7766 0 8.52066 17.1916 0
13.6509 20.1557 0 13.8293 20.215 0
4.90719 14.524 0 5.26407 14.8204 0
1.78443 24.8982 0 2.09671 24.9575 0
6.11168 3.85329 0 6.11168 3.31976 0
4.5503 18.7922 0 4.63952 18.5551 0
14.097 14.2275 0 14.097 14.3461 0
13.6509 13.9311 0 14.1416 14.9982 0
1.56138 15.2353 0 1.69521 15.2353 0
1.15988 18.9701 0 1.87365 18.7922 0
11.9111 17.7844 0 12.268 18.2587 0
8.74371 6.22455 0 8.83293 5.80958 0
4.1488 9.72216 0 4.81796 10.315 0
2.31976 19.4443 0 2.45359 19.4443 0
10.8404 20.3335 0 11.0635 20.5707 0
13.874 16.006 0 13.874 16.421 0
7.98533 3.61617 0 8.20838 3.37904 0
14.0524 19.6222 0 14.2754 19.6222 0
5.7994 18.4365 0 5.93323 18.5551 0
10.5728 18.2587 0 10.7512 18.2587 0
3.16737 18.5551 0 3.39042 18.5551 0
13.1602 19.6222 0 13.294 19.6222 0
9.5021 17.3102 0 9.81437 17.1323 0
8.74371 14.524 0 8.87754 14.2868 0
7.40539 15.4725 0 7.80689 14.8796 0
12.0895 18.8515 0 12.268 18.6737 0
11.465 18.3772 0 11.5096 18.1994 0
1.20449 15.8874 0 1.47216 16.4802 0
10.082 13.5162 0 10.1266 13.1605 0
8.47605 24.3647 0 8.56527 24.1868 0
5.08563 20.7485 0 5.75479 21.0449 0
12.8479 14.109 0 12.9371 13.9904 0
5.17485 6.04671 0 5.26407 6.28383 0
12.0003 11.8563 0 12.268 11.7377 0
2.0521 17.9623 0 3.12275 19.385 0
4.9518 6.22455 0 4.9518 5.98742 0
13.1156 18.2587 0 13.1156 18.1401 0
4.37186 4.38683 0 4.41647 4.03114 0
5.53174 18.7922 0 5.57635 18.5551 0
7.00389 9.07006 0 7.09311 8.53653 0
9.5021 15.4132 0 10.0374 15.4132 0
3.52425 12.6862 0 3.79192 13.1012 0
13.4278 19.2072 0 13.6509 19.0293 0
8.16377 8.71437 0 8.34222 8.00299 0
2.94431 13.6347 0 3.25659 13.2198 0
11.4204 13.5754 0 12.6695 10.7892 0
3.92575 12.2713 0 4.1488 12.3305 0
5.7994 15.7096 0 5.7994 15.8281 0
12.7141 17.1916 0 12.9371 17.1323 0
8.11916 22.2305 0 8.20838 22.2305 0
11.5542 10.4335 0 12.0003 10.0778 0
9.9482 0.652096 0 10.0374 0.296407 0
2.67665 15.591 0 2.8997 15.7689 0
1.07066 17.2509 0 1.20449 16.8952 0
6.73623 21.5784 0 7.00389 21.7563 0
2.85509 7.88443 0 3.03353 7.41018 0
7.58383 13.9311 0 7.58383 13.694 0
10.7958 20.1557 0 10.9743 20.0371 0
9.90359 14.9982 0 10.1266 15.176 0
7.76228 1.36347 0 8.25299 1.18563 0
2.40898 16.8952 0 2.4982 16.8952 0
2.40898 12.4491 0 2.45359 11.6784 0
6.95928 25.491 0 7.0485 25.2539 0
9.01138 1.65988 0 9.18982 1.65988 0
4.63952 14.7611 0 4.9518 15.2946 0
13.1602 18.3772 0 13.2048 17.4287 0
11.9111 19.4443 0 12.0449 19.7407 0
10.1266 18.1994 0 10.3497 18.1401 0
3.88114 16.0653 0 4.23802 16.0653 0
2.23054 15.4725 0 2.54281 15.5317 0
9.45749 17.1323 0 9.59132 17.488 0
6.82545 16.006 0 6.91467 15.591 0
2.14132 13.1605 0 2.18593 12.8048 0
4.19341 22.6455 0 4.28263 22.4677 0
1.6506 18.4365 0 1.69521 18.1994 0
13.8293 20.6892 0 13.8293 20.8078 0
4.77335 21.4599 0 5.08563 21.697 0
3.97036 10.7892 0 4.10419 10.7892 0
4.5503 16.7174 0 4.5503 16.421 0
1.42754 12.2713 0 1.6506 12.5084 0
7.45 10.7892 0 7.58383 10.9671 0
3.34581 8.9515 0 3.39042 9.36647 0
1.33832 17.903 0 1.82904 17.903 0
14.3647 20.7485 0 14.3647 20.5114 0
6.64701 10.4335 0 6.78084 10.5521 0
3.12275 19.6222 0 3.39042 19.3257 0
12.0449 20.215 0 12.2234 20.3928 0
0.133832 17.8437 0 0.312275 17.9623 0
5.71018 7.64731 0 5.71018 7.76587 0
14.2308 14.0497 0 14.3201 13.8719 0
7.76228 22.3491 0 9.01138 23.2976 0
4.1488 18.7922 0 4.23802 18.6144 0
13.0263 13.7533 0 13.4725 12.4491 0
6.95928 18.4365 0 7.18234 18.6737 0
6.55778 16.6581 0 6.69162 16.6581 0
3.43503 13.694 0 3.79192 13.0419 0
10.7512 13.5754 0 10.7512 13.694 0
4.1488 6.04671 0 4.41647 6.52096 0
5.62096 19.0886 0 5.66557 18.8515 0
4.86257 20.4521 0 5.04102 20.3335 0
4.23802 17.5473 0 4.50569 17.8437 0
5.13024 11.2635 0 5.21946 11.2042 0
2.8997 12.6862 0 2.8997 12.5677 0
7.80689 24.1275 0 8.02994 24.2461 0
1.20449 12.2713 0 1.87365 11.0263 0
9.76976 2.96407 0 9.81437 2.78623 0
13.3832 14.3461 0 13.4725 13.8719 0
2.23054 18.1401 0 2.23054 17.7251 0
3.88114 24.1868 0 4.5503 25.5503 0
6.64701 9.48503 0 6.82545 9.72216 0
10.5728 18.9108 0 10.7066 19.9778 0
4.10419 24.0683 0 4.77335 25.1946 0
0.0892216 18.2587 0 0.0892216 17.5473 0
10.1713 13.9904 0 10.3943 14.4647 0
5.13024 6.22455 0 5.44251 5.45389 0
5.35329 18.3772 0 5.53174 18.5551 0
2.0521 10.7892 0 2.81048 10.1964 0
0.936826 16.1838 0 2.31976 16.1838 0
5.97784 4.86108 0 6.02245 5.03892 0
4.90719 22.0527 0 5.08563 21.9934 0
2.85509 11.0856 0 2.94431 10.9671 0
14.0524 19.5629 0 14.1862 19.5036 0
1.6506 14.9389 0 1.73982 14.9389 0
4.05958 16.4802 0 4.46108 15.9467 0
2.63204 15.0575 0 2.72126 15.6503 0
2.36437 10.7892 0 2.40898 10.5521 0
5.88862 11.3228 0 5.97784 11.4413 0
10.7958 0.948503 0 10.885 0.82994 0
10.662 0.296407 0 10.662 -6.15348e-015 0
4.1488 13.9311 0 4.23802 13.2198 0
11.3311 19.4443 0 11.465 19.0293 0
6.2009 17.1916 0 6.29012 17.0138 0
3.12275 8.35868 0 3.61347 7.52874 0
11.3757 18.4958 0 11.465 18.8515 0
7.45 22.8826 0 7.45 23.179 0
4.81796 21.9341 0 5.04102 22.2305 0
5.66557 10.6707 0 5.75479 10.3743 0
2.8997 23.4162 0 2.98892 23.5347 0
4.28263 12.0934 0 4.41647 11.9748 0
13.8293 20.1557 0 13.874 19.7407 0
8.38683 23.0605 0 8.92216 23.4754 0
0.847605 15.591 0 1.20449 15.5317 0
14.097 23.2976 0 14.2754 23.2383 0
10.8404 0.948503 0 10.885 0.711377 0
14.1862 20.8671 0 14.2754 20.9856 0
2.85509 8.00299 0 3.16737 7.70659 0
2.0521 11.1449 0 2.0521 10.8485 0
1.60599 11.5599 0 1.73982 11.6784 0
5.04102 8.9515 0 5.08563 9.18862 0
8.38683 16.7766 0 8.92216 16.6581 0
6.46856 15.2353 0 6.95928 16.5395 0
12.9371 15.6503 0 13.1602 15.6503 0
0.936826 23.3569 0 1.11527 23.2976 0
4.1488 8.00299 0 4.59491 7.88443 0
3.43503 16.3617 0 3.74731 16.5988 0
3.21198 18.6737 0 3.47964 18.6144 0
6.33473 25.4317 0 6.51317 25.1946 0
8.2976 22.1713 0 8.43144 21.9934 0
7.36078 15.176 0 7.36078 14.9982 0
6.69162 11.4413 0 6.91467 11.6784 0
4.5503 9.72216 0 4.72874 9.9 0
2.81048 18.4365 0 3.56886 19.7407 0
3.92575 10.1371 0 4.05958 9.9 0
5.62096 16.7766 0 5.75479 17.1916 0
5.97784 11.797 0 6.02245 11.4413 0
6.95928 21.4006 0 7.00389 21.6377 0
13.8293 16.3024 0 14.0078 16.2431 0
2.36437 22.8826 0 2.67665 22.3491 0
3.3012 16.7766 0 3.43503 17.3695 0
4.19341 21.9341 0 4.32725 21.5784 0
7.18234 24.3647 0 7.40539 24.424 0
10.662 12.8048 0 10.885 13.3383 0
8.11916 4.8018 0 8.11916 4.50539 0
3.79192 15.4725 0 4.1488 14.4054 0
4.9518 10.5521 0 5.04102 11.2042 0
4.37186 18.7922 0 4.5503 18.5551 0
10.7512 1.42275 0 10.885 1.12635 0
11.0189 14.4647 0 11.1527 14.5832 0
9.41287 15.9467 0 9.41287 16.3617 0
8.38683 0.474251 0 8.96677 0.770659 0
12.1341 9.72216 0 12.2234 9.72216 0
3.21198 14.9389 0 3.3012 15.1168 0
5.93323 16.7766 0 6.46856 17.7251 0
3.34581 8.83293 0 3.70269 7.94371 0
11.2419 1.95629 0 11.4204 1.89701 0
11.7772 18.0216 0 12.0895 18.0808 0
12.8033 17.1916 0 13.1602 17.1323 0
2.4982 17.488 0 2.4982 17.2509 0
4.99641 15.8281 0 4.99641 15.6503 0
14.1416 16.006 0 14.3647 16.1838 0
5.21946 20.8671 0 5.26407 20.6299 0
6.78084 9.18862 0 6.87006 9.66287 0
-1.53837e-015 16.7766 0 0.446108 16.7766 0
6.69162 15.1168 0 6.95928 15.2353 0
8.52066 16.6581 0 8.60988 16.421 0
8.6991 14.8796 0 8.92216 15.4132 0
7.36078 21.1635 0 7.67305 21.1042 0
10.3943 18.1401 0 10.7512 18.5551 0
12.6695 17.5473 0 12.8925 17.488 0
4.01497 6.93593 0 4.23802 6.87665 0
3.07814 12.7455 0 3.43503 12.3305 0
7.40539 13.694 0 7.71766 13.279 0
1.73982 18.0216 0 1.82904 17.9623 0
0.936826 13.6347 0 1.11527 13.694 0
8.87754 16.3617 0 8.92216 15.5317 0
3.97036 18.7922 0 4.05958 18.6144 0
-1.53837e-015 23.4754 0 0.401497 23.0605 0
5.17485 16.5395 0 5.21946 16.2431 0
4.5503 8.77365 0 4.86257 8.35868 0
0.267665 17.2509 0 0.446108 17.1916 0
8.11916 8.83293 0 8.11916 8.71437 0
10.0374 16.006 0 10.2605 16.3024 0
13.4725 13.8126 0 13.5617 13.694 0
1.87365 14.9389 0 2.09671 14.8204 0
2.09671 13.2198 0 2.67665 13.9311 0
7.71766 23.179 0 7.94072 23.0012 0
11.3311 1.83772 0 11.3757 2.07485 0
4.68413 22.4084 0 4.90719 22.5269 0
11.2419 11.2635 0 11.7772 11.0856 0
4.81796 10.9671 0 5.04102 10.6707 0
3.12275 11.7377 0 3.16737 11.5006 0
4.90719 19.3257 0 5.04102 19.0886 0
8.16377 14.9389 0 8.2976 14.9389 0
13.6955 14.109 0 13.9186 13.9904 0
1.33832 11.9748 0 1.73982 12.0934 0
4.77335 19.9778 0 4.90719 19.9186 0
6.02245 19.9186 0 6.33473 19.7407 0
3.97036 10.4928 0 4.50569 10.3743 0
4.9518 20.215 0 5.26407 20.4521 0
8.2976 1.00778 0 8.2976 1.12635 0
7.00389 23.6533 0 7.00389 23.5347 0
11.4204 19.5629 0 11.4204 19.6814 0
6.51317 25.2539 0 6.82545 25.4317 0
5.48713 3.37904 0 5.48713 3.14192 0
5.21946 16.4802 0 5.57635 17.0138 0
4.10419 9.78144 0 4.28263 10.6707 0
4.86257 7.70659 0 5.13024 7.70659 0
7.18234 24.2461 0 7.22695 23.7719 0
12.6695 9.30719 0 12.9371 9.12934 0
6.73623 0.474251 0 6.73623 0.592814 0
3.25659 6.75808 0 3.47964 6.58024 0
4.28263 21.8156 0 4.37186 21.5192 0
3.65808 10.5521 0 3.74731 11.382 0
8.07455 10.4928 0 8.2976 10.0186 0
8.25299 1.65988 0 8.38683 1.6006 0
4.72874 10.9078 0 4.72874 10.6707 0
7.71766 10.5521 0 7.98533 10.1964 0
7.80689 16.4802 0 7.94072 16.4802 0
7.09311 3.4976 0 7.49461 3.37904 0
4.32725 17.3695 0 4.68413 17.7251 0
9.68054 1.77844 0 9.85898 1.77844 0
6.29012 20.6299 0 6.55778 20.3928 0
5.62096 8.00299 0 5.71018 8.18084 0
5.26407 3.43832 0 5.97784 3.31976 0
9.05599 17.5473 0 9.23443 17.488 0
0.267665 18.3772 0 0.312275 18.2587 0
4.81796 22.4084 0 4.99641 22.3491 0
7.40539 24.1868 0 7.45 23.9497 0
2.98892 15.3539 0 3.16737 15.4132 0
8.38683 0.41497 0 8.60988 0.118563 0
13.874 15.4132 0 14.3201 15.5317 0
4.10419 20.1557 0 4.23802 19.9778 0
7.89611 4.44611 0 7.98533 4.32754 0
0.936826 13.694 0 1.07066 13.9311 0
4.81796 21.7563 0 5.13024 21.7563 0
5.75479 3.08263 0 5.75479 3.31976 0
7.58383 10.6707 0 7.71766 10.9078 0
3.83653 15.7096 0 3.83653 15.5317 0
4.86257 6.75808 0 5.21946 6.93593 0
14.0524 14.7018 0 14.3201 14.109 0
3.21198 12.6862 0 3.88114 11.9156 0
0.267665 17.1323 0 0.356886 17.2509 0
9.81437 15.2353 0 10.3051 15.4725 0
14.3201 16.1838 0 14.3647 16.5395 0
14.1416 22.4677 0 14.1416 22.6455 0
10.7958 14.524 0 10.885 14.6425 0
6.6024 10.1371 0 6.6024 10.3743 0
3.65808 8.18084 0 3.79192 8.41796 0
13.3832 19.2072 0 13.7401 19.5629 0
3.21198 13.694 0 3.43503 13.2198 0
1.02605 13.0419 0 1.11527 12.6269 0
6.87006 16.1245 0 7.00389 16.1245 0
2.98892 12.7455 0 3.03353 12.5677 0
5.57635 11.0263 0 5.57635 11.2635 0
3.83653 16.9545 0 4.01497 17.0138 0
12.0895 21.4599 0 12.0895 21.5784 0
4.50569 6.10599 0 4.72874 5.98742 0
3.25659 12.6862 0 3.34581 12.6862 0
4.63952 22.7048 0 4.81796 22.6455 0
7.22695 11.0856 0 7.22695 11.382 0
12.4018 9.36647 0 12.8033 9.78144 0
0.802994 14.8204 0 1.07066 13.9904 0
8.52066 5.57245 0 8.60988 5.15749 0
5.53174 10.7892 0 5.71018 11.1449 0
7.58383 10.2557 0 7.8515 10.7299 0
0.624551 17.488 0 0.624551 17.3102 0
2.4982 22.7048 0 2.63204 22.6455 0
4.01497 8.2994 0 4.63952 7.94371 0
4.46108 9.60359 0 4.63952 9.07006 0
13.9186 20.9263 0 14.0524 20.9856 0
3.43503 10.7299 0 3.88114 10.4335 0
10.7066 12.6862 0 10.7512 12.9826 0
13.071 18.0808 0 13.4278 18.8515 0
3.03353 7.52874 0 3.16737 7.76587 0
11.8219 21.9341 0 11.9111 21.5192 0
12.0449 19.9186 0 12.2234 19.9778 0
5.44251 4.86108 0 5.44251 4.62395 0
2.36437 22.4084 0 2.45359 22.1713 0
2.09671 14.6425 0 2.36437 14.3461 0
4.01497 6.87665 0 4.23802 6.81737 0
7.31617 13.3976 0 7.31617 13.5162 0
6.64701 3.4976 0 6.73623 3.31976 0
11.8665 10.4335 0 11.9111 10.7299 0
0.847605 17.6659 0 0.936826 17.6659 0
8.38683 0.177844 0 8.43144 0.82994 0
12.9371 9.36647 0 13.1156 9.42575 0
4.72874 8.00299 0 4.86257 8.77365 0
13.1602 17.4287 0 13.6509 17.5473 0
5.53174 10.315 0 5.66557 10.1964 0
8.83293 6.58024 0 8.96677 6.34311 0
5.7994 14.7018 0 6.02245 14.7611 0
5.35329 8.24012 0 5.35329 8.53653 0
1.42754 25.4317 0 1.73982 25.4317 0
5.57635 3.08263 0 5.71018 3.31976 0
2.00748 25.5503 0 2.0521 25.3725 0
11.465 21.6377 0 11.688 21.7563 0
1.2491 15.4725 0 1.60599 14.5832 0
9.9482 16.2431 0 9.99281 16.1245 0
5.66557 19.0886 0 5.71018 18.8515 0
8.11916 1.77844 0 8.43144 1.77844 0
3.70269 7.88443 0 4.37186 8.77365 0
13.071 17.7844 0 13.3832 17.903 0
5.53174 10.9078 0 5.97784 11.382 0
2.54281 16.4802 0 2.85509 16.6581 0
3.43503 15.5317 0 3.52425 15.7689 0
11.2419 18.7922 0 11.2865 19.0293 0
4.05958 18.7922 0 4.72874 18.7922 0
4.41647 3.73473 0 4.59491 3.4976 0
7.09311 25.5503 0 7.27156 25.3725 0
6.2009 17.3102 0 7.0485 17.0731 0
1.11527 13.5754 0 1.15988 13.4569 0
4.72874 19.9186 0 4.81796 19.9186 0
8.78832 15.8281 0 8.96677 15.8874 0
2.09671 13.694 0 2.72126 13.279 0
7.98533 13.5162 0 8.07455 13.7533 0
11.9111 18.4958 0 12.1341 18.4958 0
10.5281 0.889222 0 10.7066 0.533533 0
1.6506 17.7844 0 1.73982 18.1994 0
12.0895 19.2665 0 12.2234 19.7407 0
1.33832 17.9623 0 1.56138 18.318 0
10.9743 11.9748 0 11.0635 12.212 0
3.83653 11.4413 0 4.19341 11.9748 0
7.67305 22.112 0 7.76228 22.112 0
14.1862 22.3491 0 14.4539 22.2305 0
6.42395 21.4006 0 6.73623 21.0449 0
8.74371 14.1683 0 8.96677 14.4054 0
5.75479 18.0808 0 5.7994 18.3772 0
7.49461 13.8126 0 7.8515 13.8719 0
4.19341 21.8748 0 4.46108 21.8156 0
9.5021 15.6503 0 9.68054 15.9467 0
2.54281 11.8563 0 2.67665 11.5599 0
1.6506 17.3695 0 1.82904 17.5473 0
4.68413 17.7844 0 5.04102 17.0731 0
3.88114 17.1916 0 4.01497 17.1916 0
4.19341 7.17305 0 4.32725 6.63952 0
1.87365 22.7048 0 2.27515 22.8234 0
11.8219 9.72216 0 12.0003 9.42575 0
13.9632 10.3743 0 13.9632 10.0186 0
5.84401 4.26826 0 5.84401 4.1497 0
2.63204 18.6737 0 2.76587 18.6144 0
9.05599 1.00778 0 9.18982 0.533533 0
7.13772 2.78623 0 7.58383 3.08263 0
5.57635 18.7922 0 5.75479 18.9701 0
7.53922 2.19341 0 7.76228 2.19341 0
5.84401 16.4802 0 5.84401 16.7766 0
5.93323 18.6737 0 5.97784 18.318 0
1.11527 14.9982 0 1.20449 14.7611 0
7.89611 1.6006 0 7.98533 2.43054 0
11.9111 18.1401 0 12.6695 18.1994 0
12.3126 17.0731 0 12.6249 16.421 0
1.73982 11.3228 0 1.78443 11.6192 0
2.18593 16.006 0 2.31976 16.0653 0
3.56886 6.16527 0 3.61347 5.92814 0
4.86257 11.0263 0 4.9518 11.2042 0
2.94431 17.8437 0 3.07814 17.6659 0
1.11527 18.1994 0 1.78443 17.6659 0
6.78084 15.9467 0 7.40539 15.176 0
6.37934 10.7299 0 6.51317 10.9078 0
14.2308 20.6299 0 14.4539 20.6892 0
7.40539 20.6299 0 7.40539 20.8671 0
6.2009 15.9467 0 6.42395 16.1245 0
2.67665 17.6066 0 2.67665 17.3102 0
3.21198 8.47725 0 3.34581 8.59581 0
5.75479 6.63952 0 5.75479 7.58802 0
6.46856 12.2713 0 6.6024 12.0341 0
1.91826 21.697 0 2.0521 21.697 0
9.36826 16.4802 0 9.36826 16.3617 0
10.7958 12.9234 0 10.9296 12.8641 0
3.88114 16.8952 0 4.5503 15.9467 0
6.51317 17.7251 0 7.67305 17.4287 0
12.1341 18.6737 0 12.268 18.318 0
10.5728 18.4958 0 10.7512 18.4958 0
2.94431 11.382 0 3.25659 10.5521 0
12.1787 15.4725 0 12.3572 15.2353 0
6.6024 9.66287 0 6.6024 10.0186 0
6.95928 16.9545 0 7.0485 17.1323 0
8.83293 6.6988 0 8.96677 6.46168 0
3.70269 24.009 0 3.83653 24.1275 0
3.25659 16.3617 0 3.83653 17.0138 0
13.9632 14.4647 0 14.0524 14.2275 0
0.713772 22.0527 0 1.20449 22.3491 0
8.43144 9.78144 0 8.52066 9.72216 0
7.31617 18.9108 0 7.31617 19.0886 0
8.43144 -6.15348e-015 0 8.60988 0.355689 0
11.465 13.9904 0 11.465 13.8719 0
1.73982 19.3257 0 1.91826 19.385 0
7.31617 22.7048 0 7.36078 22.5269 0
5.88862 16.7766 0 5.88862 16.4802 0
7.13772 2.84551 0 7.49461 2.48982 0
10.4835 15.4725 0 10.662 15.5317 0
6.46856 16.421 0 6.46856 16.2431 0
4.90719 8.71437 0 5.48713 8.41796 0
11.7772 18.9701 0 11.7772 18.8515 0
13.7401 20.5707 0 13.9186 20.5114 0
3.03353 17.903 0 3.16737 18.4958 0
3.83653 11.1449 0 3.92575 10.9078 0
0.312275 16.4802 0 0.401497 16.5988 0
13.9186 16.0653 0 14.097 16.006 0
4.01497 16.7766 0 4.1488 16.8359 0
3.03353 18.0216 0 3.21198 17.8437 0
7.67305 2.96407 0 7.94072 2.72695 0
12.5802 9.30719 0 13.0263 9.36647 0
4.77335 18.4958 0 4.90719 18.4958 0
-1.53837e-015 16.2431 0 0.267665 16.8359 0
1.73982 19.2072 0 1.91826 19.3257 0
11.1973 18.5551 0 11.7772 18.6737 0
8.43144 13.8126 0 8.65449 14.1683 0
3.39042 6.99521 0 3.70269 7.29162 0
13.0263 18.6144 0 13.2048 18.4958 0
3.92575 9.01078 0 4.01497 9.01078 0
1.47216 18.7922 0 1.56138 18.4365 0
13.6955 13.9904 0 13.8293 13.694 0
12.0449 19.6814 0 12.2234 19.8 0
11.4204 19.8593 0 11.4204 20.0964 0
6.73623 9.30719 0 6.73623 9.18862 0
7.00389 16.0653 0 7.00389 16.1838 0
14.3201 20.5114 0 14.3201 20.7485 0
0.57994 17.1323 0 0.669162 16.8359 0
11.6434 18.4365 0 12.268 18.4365 0
0.981437 16.9545 0 1.07066 17.0731 0
2.00748 10.8485 0 2.14132 11.0263 0
7.98533 3.55689 0 8.25299 4.03114 0
7.76228 14.2275 0 7.98533 13.4569 0
2.4982 14.9982 0 2.54281 14.8204 0
7.45 15.4725 0 7.89611 14.8796 0
5.21946 5.63174 0 5.7994 5.80958 0
3.56886 8.12156 0 3.65808 7.88443 0
2.23054 14.6425 0 2.36437 15.176 0
4.99641 14.5832 0 5.21946 14.8796 0
7.80689 21.8748 0 7.8515 21.6377 0
6.02245 20.7485 0 6.02245 20.2743 0
7.22695 11.797 0 7.22695 11.9748 0
11.465 11.0263 0 11.8665 10.8485 0
2.0521 12.0341 0 2.18593 11.797 0
4.59491 8.77365 0 5.04102 8.59581 0
2.45359 15.176 0 2.58742 15.2946 0
7.53922 8.00299 0 7.80689 7.82515 0
8.43144 23.6533 0 8.47605 23.9497 0
7.13772 2.66766 0 7.31617 2.84551 0
6.6024 20.6892 0 6.64701 20.5707 0
11.9111 17.7251 0 12.1341 17.7251 0
9.81437 15.5317 0 9.81437 15.6503 0
6.15629 11.9748 0 6.2009 11.6784 0
2.27515 11.797 0 2.31976 12.0341 0
4.5503 6.93593 0 4.77335 6.81737 0
5.26407 18.7922 0 5.3979 18.7922 0
3.52425 18.6144 0 3.79192 18.7922 0
4.32725 17.5473 0 4.41647 17.5473 0
12.1787 14.9389 0 12.9371 12.9826 0
12.8925 18.1401 0 12.9371 17.8437 0
3.52425 8.12156 0 3.56886 7.76587 0
4.77335 25.1353 0 4.77335 25.2539 0
7.67305 23.7719 0 8.02994 23.1198 0
2.27515 18.7922 0 2.27515 18.318 0
13.5617 19.7407 0 13.7401 20.6299 0
11.1527 11.5599 0 11.3311 11.4413 0
2.58742 19.2665 0 2.72126 18.9701 0
4.37186 16.1245 0 4.46108 16.1245 0
5.13024 8.00299 0 5.21946 7.88443 0
14.0524 19.4443 0 14.3201 19.385 0
7.40539 24.3054 0 7.58383 24.4832 0
7.31617 8.59581 0 7.31617 8.24012 0
5.57635 19.7407 0 5.75479 19.8 0
8.38683 2.43054 0 8.56527 2.25269 0
5.48713 8.12156 0 5.57635 8.24012 0
3.3012 24.7204 0 3.56886 24.4832 0
3.34581 16.7766 0 3.52425 16.9545 0
14.1862 19.3257 0 14.2308 19.1479 0
2.14132 15.4132 0 2.14132 15.0575 0
8.83293 6.52096 0 8.83293 6.63952 0
7.27156 17.3102 0 7.62844 17.1916 0
9.36826 14.6425 0 9.68054 14.6425 0
10.0374 2.96407 0 10.0374 2.72695 0
8.16377 1.6006 0 8.38683 2.25269 0
7.09311 3.67545 0 7.18234 3.73473 0
4.46108 17.3102 0 4.59491 17.4287 0
7.45 11.2042 0 7.49461 11.0856 0
6.95928 20.9263 0 7.31617 21.282 0
9.99281 13.5754 0 10.1713 13.1012 0
12.8033 15.9467 0 13.0263 16.1245 0
9.68054 16.7174 0 9.76976 16.5988 0
12.7587 9.12934 0 12.9817 9.60359 0
6.82545 20.5114 0 6.95928 20.3928 0
1.20449 16.421 0 1.33832 16.5988 0
5.44251 5.39461 0 5.62096 5.33533 0
2.85509 7.94371 0 3.07814 8.00299 0
6.15629 4.09042 0 6.24551 4.03114 0
7.40539 10.8485 0 7.58383 10.7299 0
9.23443 1.6006 0 9.5021 1.6006 0
7.80689 24.009 0 8.07455 24.3647 0
3.25659 8.24012 0 3.47964 8.06227 0
1.87365 16.006 0 2.0521 16.006 0
11.7772 9.84072 0 12.1341 9.30719 0
6.64701 15.6503 0 6.73623 15.3539 0
10.4389 0.118563 0 10.4389 -6.15348e-015 0
4.86257 10.7892 0 5.13024 11.0263 0
5.53174 5.80958 0 5.53174 5.92814 0
4.86257 19.3257 0 4.90719 19.0886 0
14.1862 14.524 0 14.3647 14.2275 0
3.92575 4.26826 0 4.05958 4.44611 0
3.97036 12.3305 0 4.10419 12.1527 0
5.71018 3.79401 0 5.7994 3.79401 0
6.51317 15.5317 0 6.73623 15.4725 0
6.78084 12.2713 0 6.87006 11.9748 0
1.87365 17.7844 0 2.0521 18.318 0
3.92575 11.9748 0 4.28263 11.7377 0
6.06707 17.6659 0 6.29012 17.7251 0
11.0635 20.215 0 11.1081 20.5707 0
9.63593 1.71916 0 10.2159 1.71916 0
5.30868 14.7611 0 5.3979 14.7611 0
8.43144 16.2431 0 8.78832 15.8874 0
4.9518 11.1449 0 5.21946 10.8485 0
3.3012 6.63952 0 3.52425 6.40239 0
11.688 10.4928 0 12.0003 10.4928 0
14.3647 23.594 0 14.4539 23.7126 0
10.1713 13.1605 0 10.4835 13.0419 0
1.96287 11.3228 0 2.00748 11.1449 0
7.36078 13.279 0 7.40539 13.1605 0
2.67665 11.8563 0 2.76587 11.4413 0
9.32365 14.5832 0 9.36826 15.2946 0
4.9518 21.9934 0 5.04102 21.697 0
2.23054 12.8048 0 2.45359 12.7455 0
6.95928 11.5006 0 7.00389 11.3228 0
4.28263 7.76587 0 4.41647 7.46946 0
7.18234 3.08263 0 7.18234 2.96407 0
2.45359 17.2509 0 2.58742 17.5473 0
1.15988 15.2353 0 1.20449 15.1168 0
4.28263 20.3335 0 4.41647 20.0964 0
2.00748 22.0527 0 2.45359 21.8748 0
2.76587 14.2275 0 2.85509 13.9311 0
4.19341 18.6144 0 4.68413 18.5551 0
8.07455 2.48982 0 8.07455 2.31198 0
7.0485 17.3102 0 7.0485 16.5988 0
3.92575 10.4335 0 4.1488 10.3743 0
3.47964 8.00299 0 4.19341 8.83293 0
5.66557 3.08263 0 6.2009 3.08263 0
3.21198 16.3617 0 3.34581 16.7174 0
14.1862 19.1479 0 14.3647 18.9701 0
14.097 23.2383 0 14.4093 23.3569 0
6.11168 20.2743 0 6.33473 20.1557 0
6.2009 15.7096 0 6.2009 15.5317 0
8.20838 23.2383 0 8.25299 23.0012 0
6.42395 15.4725 0 6.51317 15.2353 0
3.07814 7.11377 0 3.21198 6.93593 0
12.4018 15.0575 0 12.5356 14.8796 0
6.02245 16.0653 0 6.11168 16.1838 0
4.81796 22.0527 0 4.9518 21.8156 0
1.91826 14.4054 0 2.36437 14.8796 0
7.8515 3.43832 0 8.07455 3.26048 0
6.42395 16.9545 0 6.55778 16.7174 0
8.47605 2.96407 0 8.52066 3.2012 0
9.54671 16.3024 0 9.63593 15.9467 0
12.1341 17.3695 0 12.3126 17.0138 0
9.01138 18.318 0 9.27904 18.4958 0
2.58742 12.8048 0 2.72126 12.7455 0
3.56886 11.797 0 3.65808 11.7377 0
2.85509 14.2868 0 2.94431 14.4647 0
4.50569 17.2509 0 4.86257 17.5473 0
6.2009 21.282 0 6.37934 21.5192 0
9.32365 17.8437 0 9.41287 17.7844 0
8.07455 25.491 0 8.07455 25.3132 0
7.58383 8.00299 0 7.62844 8.24012 0
3.07814 15.1168 0 3.43503 14.4647 0
10.3497 14.0497 0 10.4389 14.3461 0
2.00748 13.2198 0 2.09671 12.9234 0
4.5503 9.66287 0 4.77335 9.66287 0
7.00389 20.4521 0 7.40539 20.3335 0
2.8997 8.06227 0 3.07814 8.24012 0
5.48713 4.97964 0 5.48713 5.0982 0
5.97784 18.7922 0 5.97784 18.6737 0
4.77335 18.7922 0 4.86257 18.7922 0
10.6174 19.1479 0 10.7958 19.2665 0
1.73982 11.7377 0 1.87365 11.382 0
7.58383 3.79401 0 7.67305 2.60838 0
13.2048 16.7766 0 13.4278 16.8359 0
3.34581 24.9575 0 3.43503 24.4832 0
1.33832 18.0808 0 1.38293 18.2587 0
2.09671 10.7892 0 2.23054 10.9671 0
6.24551 10.8485 0 6.24551 10.6114 0
10.3943 13.5162 0 10.4835 14.2868 0
1.38293 14.9982 0 1.69521 14.2868 0
8.38683 13.8126 0 8.65449 13.8126 0
5.21946 6.99521 0 5.35329 7.17305 0
3.21198 24.8389 0 3.34581 24.7204 0
3.12275 8.2994 0 3.16737 8.12156 0
9.01138 1.00778 0 9.1006 1.00778 0
2.00748 17.3695 0 2.18593 17.0731 0
7.89611 7.76587 0 8.16377 7.70659 0
13.6063 12.6269 0 13.6063 12.4491 0
1.96287 14.9982 0 2.09671 15.4132 0
10.3497 13.6347 0 10.3943 14.0497 0
13.6063 13.694 0 14.1416 13.694 0
8.65449 3.14192 0 8.65449 2.90479 0
13.8293 16.421 0 13.9186 16.1245 0
2.94431 10.315 0 3.34581 10.6707 0
1.07066 14.8796 0 1.11527 14.7611 0
6.95928 9.07006 0 7.0485 9.01078 0
0.713772 17.1323 0 0.713772 16.8952 0
6.33473 21.4006 0 6.42395 20.9856 0
6.6024 15.4132 0 6.69162 15.176 0
12.0003 18.318 0 12.0895 18.1994 0
4.05958 20.0964 0 4.19341 19.9186 0
4.1488 20.1557 0 4.41647 20.0371 0
4.99641 7.05449 0 5.3979 7.52874 0
9.76976 13.6347 0 9.76976 13.5162 0
1.07066 25.4317 0 1.29371 25.3132 0
4.46108 6.46168 0 4.63952 5.98742 0
7.80689 23.4754 0 7.89611 23.4754 0
6.15629 3.73473 0 6.55778 3.26048 0
11.5988 20.3928 0 11.7326 19.8 0
2.40898 22.112 0 2.4982 21.8748 0
2.81048 17.0731 0 2.81048 17.6659 0
13.6063 19.385 0 13.874 20.0371 0
4.05958 12.4491 0 4.1488 12.3898 0
8.07455 3.2012 0 8.20838 3.08263 0
5.62096 4.32754 0 5.62096 4.44611 0
10.4835 0.41497 0 10.4835 0.237126 0
6.06707 10.6707 0 6.11168 10.5521 0
6.42395 20.0371 0 6.6024 19.7407 0
3.65808 23.9497 0 3.79192 24.0683 0
6.87006 9.30719 0 7.09311 9.30719 0
-1.53837e-015 21.697 0 0.0892216 21.697 0
0.267665 17.1916 0 0.490719 16.8952 0
3.07814 11.6784 0 3.21198 11.4413 0
2.09671 14.7611 0 2.54281 14.3461 0
6.95928 20.9856 0 7.00389 21.1635 0
7.76228 24.8389 0 7.94072 24.8982 0
8.2976 14.2868 0 8.43144 14.0497 0
10.9743 13.1012 0 12.1341 10.1371 0
7.18234 23.7719 0 7.27156 23.8311 0
13.2048 17.0731 0 13.294 17.0731 0
8.6991 14.8204 0 9.05599 14.8796 0
3.25659 7.29162 0 3.47964 7.46946 0
7.94072 17.0138 0 8.16377 16.9545 0
1.6506 14.8796 0 1.82904 14.7611 0
1.87365 18.318 0 1.96287 18.5551 0
4.19341 9.30719 0 4.90719 8.59581 0
0.0446108 16.1838 0 0.178443 16.5395 0
3.97036 8.18084 0 4.10419 7.94371 0
8.2976 8.35868 0 8.34222 8.18084 0
5.17485 6.22455 0 5.3979 5.80958 0
7.49461 8.83293 0 7.58383 8.59581 0
3.52425 13.2198 0 3.74731 13.3383 0
5.48713 14.7018 0 5.97784 14.7611 0
2.27515 17.903 0 2.27515 17.7251 0
7.22695 8.35868 0 7.62844 8.47725 0
7.22695 21.4599 0 7.22695 21.6377 0
3.83653 19.385 0 3.97036 19.385 0
8.25299 1.95629 0 8.2976 2.07485 0
8.6991 17.0731 0 8.78832 16.9545 0
12.0003 17.5473 0 12.1787 17.6659 0
12.5356 14.8204 0 12.6249 14.7018 0
3.25659 12.1527 0 3.47964 12.4491 0
9.23443 17.6066 0 9.32365 17.3102 0
8.02994 2.84551 0 8.16377 2.72695 0
13.2048 9.66287 0 13.3386 9.36647 0
14.097 16.2431 0 14.3647 16.1245 0
0.802994 17.4287 0 0.892216 17.3695 0
7.13772 21.0449 0 7.13772 20.2743 0
13.9632 14.109 0 14.3647 13.8719 0
14.3201 21.1042 0 14.3201 21.282 0
5.04102 19.3257 0 5.13024 19.0886 0
2.81048 15.176 0 3.03353 15.4132 0
12.3572 9.84072 0 12.6249 9.12934 0
3.21198 15.9467 0 3.43503 15.591 0
3.47964 17.4287 0 3.65808 17.3695 0
6.51317 3.43832 0 6.51317 3.2012 0
7.71766 0.355689 0 7.98533 0.82994 0
8.16377 17.1916 0 8.25299 16.8952 0
3.25659 14.2868 0 3.3012 14.524 0
4.72874 7.11377 0 4.90719 7.05449 0
5.71018 11.5006 0 5.7994 11.2635 0
2.98892 17.2509 0 3.25659 16.7766 0
13.6509 12.3305 0 13.6509 11.9748 0
1.29371 18.318 0 1.78443 17.6066 0
4.9518 10.4928 0 5.17485 11.0263 0
4.37186 10.2557 0 4.5503 10.4928 0
9.85898 2.72695 0 9.99281 2.96407 0
11.5096 21.8156 0 11.688 21.8156 0
12.0449 11.7377 0 12.268 11.6192 0
6.78084 9.12934 0 6.82545 8.9515 0
4.59491 8.18084 0 4.68413 8.00299 0
6.06707 16.7174 0 6.06707 16.2431 0
8.56527 17.488 0 8.87754 17.2509 0
3.03353 7.23234 0 3.21198 6.99521 0
3.3012 15.2353 0 3.65808 15.2353 0
2.0521 16.8952 0 2.23054 16.8952 0
11.5988 10.2557 0 11.7326 9.95928 0
0.981437 17.0138 0 1.11527 17.2509 0
12.8925 9.30719 0 13.1156 9.36647 0
1.87365 18.3772 0 2.14132 18.6737 0
2.8997 13.9311 0 3.12275 13.7533 0
4.41647 8.35868 0 4.77335 8.06227 0
4.05958 17.4287 0 4.28263 17.7251 0
4.50569 7.11377 0 4.68413 7.23234 0
3.47964 8.59581 0 3.52425 8.47725 0
1.38293 13.8126 0 1.42754 13.6347 0
8.78832 9.18862 0 8.78832 9.07006 0
12.268 17.488 0 12.491 17.7844 0
4.46108 13.9311 0 4.72874 14.2868 0
13.2048 17.9623 0 13.4278 17.8437 0
6.82545 12.212 0 7.09311 12.0934 0
3.3012 6.40239 0 3.52425 6.34311 0
4.32725 9.36647 0 4.46108 9.54431 0
4.99641 6.22455 0 5.08563 6.22455 0
2.94431 15.7689 0 2.94431 15.591 0
5.88862 10.315 0 5.88862 10.4928 0
13.1602 14.8796 0 13.294 14.7018 0
6.29012 10.9078 0 6.33473 10.7299 0
0.267665 23.2383 0 0.356886 23.179 0
9.76976 15.7689 0 9.76976 15.6503 0
8.47605 5.45389 0 8.47605 5.33533 0
7.89611 10.3743 0 7.89611 10.2557 0
3.70269 16.8952 0 4.01497 16.4802 0
7.49461 23.179 0 7.71766 22.7048 0
3.21198 14.8204 0 3.47964 15.7689 0
3.88114 16.7766 0 4.19341 16.8952 0
4.19341 5.21677 0 4.19341 5.03892 0
12.268 9.18862 0 12.3572 9.18862 0
3.74731 19.8 0 3.88114 19.9778 0
8.60988 0.177844 0 8.60988 -6.15348e-015 0
0.535329 23.0012 0 0.669162 22.8234 0
8.2976 22.112 0 8.38683 22.112 0
3.52425 17.488 0 3.70269 17.4287 0
10.8404 17.6659 0 11.0189 17.8437 0
6.78084 15.8874 0 6.82545 15.6503 0
11.8219 15.6503 0 12.0449 15.6503 0
0.223054 18.3772 0 0.223054 18.1401 0
1.91826 18.1994 0 2.0521 18.1994 0
0.847605 14.8204 0 0.936826 15.1168 0
3.83653 7.41018 0 3.97036 7.05449 0
3.52425 16.7174 0 3.74731 16.5395 0
1.11527 18.6737 0 1.29371 18.8515 0
8.34222 23.3569 0 8.43144 23.8904 0
6.2009 12.0341 0 6.24551 11.797 0
9.05599 6.75808 0 9.05599 6.99521 0
8.60988 21.6377 0 8.74371 21.7563 0
7.00389 11.797 0 7.00389 11.9156 0
14.3201 18.9701 0 14.4093 19.2665 0
8.78832 21.7563 0 8.78832 21.5784 0
10.662 14.8204 0 10.7512 15.4132 0
4.19341 11.9156 0 4.37186 11.8563 0
5.7994 10.4928 0 6.02245 10.4335 0
3.3012 10.9671 0 3.39042 11.0856 0
10.3051 1.89701 0 10.4389 1.77844 0
2.72126 16.4802 0 2.85509 16.7174 0
8.34222 5.03892 0 8.43144 4.86108 0
4.23802 15.8874 0 4.32725 15.8874 0
2.27515 10.6707 0 2.8997 11.1449 0
3.12275 23.5347 0 3.34581 23.5347 0
7.18234 20.3335 0 7.36078 20.215 0
10.7512 18.1401 0 10.7512 18.4365 0
5.21946 20.3928 0 5.26407 20.215 0
12.6249 9.78144 0 12.7141 9.54431 0
8.07455 3.08263 0 8.56527 2.19341 0
7.27156 23.0605 0 7.62844 23.3569 0
13.874 14.2868 0 13.9632 14.0497 0
0.892216 15.5317 0 1.02605 14.9389 0
10.5281 15.1168 0 10.662 15.176 0
4.19341 6.99521 0 4.23802 6.75808 0
3.39042 7.11377 0 3.52425 6.22455 0
2.40898 22.9419 0 2.67665 23.2383 0
3.79192 19.9186 0 3.92575 19.7407 0
0.847605 18.0808 0 0.981437 18.0808 0
10.1266 14.8204 0 10.1266 14.4647 0
5.08563 16.006 0 5.26407 16.3024 0
12.0003 17.6659 0 12.0895 17.903 0
-1.53837e-015 16.5395 0 0.57994 16.5395 0
14.1416 15.176 0 14.4539 14.9982 0
8.87754 6.87665 0 8.87754 7.05449 0
5.3979 4.68323 0 5.3979 4.86108 0
8.83293 13.694 0 9.59132 13.3976 0
14.0524 23.4754 0 14.3201 23.5347 0
1.29371 22.6455 0 1.38293 22.6455 0
6.15629 10.7892 0 6.2009 10.5521 0
2.31976 10.6114 0 2.45359 10.8485 0
12.1787 20.215 0 12.2234 19.8593 0
11.5988 10.6707 0 11.7326 10.7892 0
7.22695 24.9575 0 7.22695 24.7796 0
7.53922 13.3976 0 7.58383 13.1605 0
7.27156 25.0168 0 7.27156 25.1946 0
6.33473 18.4365 0 6.55778 18.6737 0
3.56886 17.6066 0 3.61347 17.2509 0
12.8925 18.7329 0 12.9817 18.8515 0
3.16737 8.35868 0 3.25659 8.47725 0
5.57635 5.69102 0 5.71018 6.04671 0
6.33473 21.1635 0 6.51317 21.2228 0
8.96677 8.35868 0 8.96677 8.47725 0
9.72515 2.84551 0 9.85898 2.78623 0
4.32725 14.4054 0 4.50569 14.7018 0
8.74371 17.8437 0 8.83293 17.9623 0
4.32725 7.82515 0 4.68413 7.52874 0
8.83293 17.6066 0 8.92216 17.3102 0
4.37186 22.5862 0 4.46108 22.5269 0
4.59491 19.3257 0 4.99641 18.7922 0
5.62096 19.7407 0 5.66557 19.4443 0
11.4204 11.1449 0 11.6434 10.5521 0
2.27515 22.8826 0 2.4982 23.0605 0
2.4982 13.7533 0 2.58742 13.694 0
2.00748 21.9934 0 2.27515 21.8748 0
4.72874 16.7174 0 4.72874 17.1916 0
1.20449 15.8281 0 1.38293 16.1245 0
2.09671 25.0168 0 2.14132 25.3132 0
12.8479 18.5551 0 13.2048 18.4365 0
8.87754 6.81737 0 8.92216 7.11377 0
11.3757 13.6347 0 12.1341 11.9156 0
8.60988 8.9515 0 8.74371 9.2479 0
10.1266 15.2353 0 10.1713 15.0575 0
4.86257 9.36647 0 4.99641 9.12934 0
1.82904 17.8437 0 2.09671 17.5473 0
8.11916 3.31976 0 8.20838 3.31976 0
2.09671 12.3305 0 2.23054 12.0934 0
4.72874 9.12934 0 4.86257 9.2479 0
3.70269 18.9701 0 3.74731 18.8515 0
10.6174 19.2072 0 10.7958 19.3257 0
3.21198 13.2198 0 3.34581 13.4569 0
5.08563 7.76587 0 5.08563 8.00299 0
0.713772 14.4647 0 0.892216 14.0497 0
6.02245 16.006 0 6.02245 15.8874 0
0.0446108 17.1323 0 0.223054 17.0138 0
14.2308 13.9904 0 14.3201 13.8126 0
6.2009 3.73473 0 6.29012 4.09042 0
11.2419 1.89701 0 11.4204 1.95629 0
7.94072 1.6006 0 8.20838 1.30419 0
14.1416 14.8796 0 14.2308 14.5832 0
10.3943 1.48204 0 10.5281 1.30419 0
6.2009 4.20898 0 6.29012 4.20898 0
6.24551 15.7689 0 6.24551 15.5317 0
8.60988 0.533533 0 8.60988 0.296407 0
7.76228 25.0168 0 7.89611 25.3725 0
8.6991 24.7796 0 8.78832 24.8982 0
3.07814 17.6066 0 3.16737 17.7844 0
8.6991 15.5317 0 8.78832 16.006 0
4.37186 19.3257 0 4.5503 19.3257 0
8.96677 15.9467 0 9.1006 16.3024 0
8.34222 16.8359 0 8.56527 16.7766 0
8.02994 0.82994 0 8.11916 0.592814 0
3.39042 19.8 0 3.39042 19.6814 0
9.76976 2.84551 0 9.81437 2.96407 0
3.16737 18.7922 0 3.16737 18.9701 0
8.2976 10.1371 0 8.34222 9.95928 0
1.15988 13.3383 0 1.20449 13.1012 0
6.06707 20.3928 0 6.69162 19.7407 0
3.92575 7.58802 0 4.05958 7.70659 0
6.51317 19.5629 0 6.69162 19.2072 0
12.0449 17.5473 0 12.1787 17.6066 0
4.28263 24.8982 0 4.32725 25.0168 0
11.7772 9.95928 0 12.0003 10.1371 0
7.94072 4.56467 0 7.98533 3.91257 0
7.40539 24.3647 0 7.62844 24.6018 0
6.42395 17.0138 0 6.55778 16.7766 0
7.67305 7.88443 0 7.76228 7.82515 0
3.12275 14.4647 0 3.25659 14.4647 0
8.38683 1.54132 0 8.43144 1.89701 0
5.93323 10.5521 0 5.97784 10.315 0
5.04102 7.76587 0 5.21946 7.58802 0
10.5281 0.711377 0 10.5281 0.592814 0
7.71766 0.41497 0 7.80689 0.474251 0
4.72874 10.2557 0 4.90719 10.0778 0
2.98892 8.18084 0 3.16737 8.41796 0
6.29012 3.14192 0 7.13772 3.4976 0
5.13024 7.64731 0 5.30868 8.24012 0
10.6174 12.9234 0 10.662 13.1605 0
9.23443 14.524 0 9.45749 14.8204 0
3.65808 8.65509 0 3.79192 8.83293 0
14.3201 15.6503 0 14.4093 15.3539 0
8.52066 1.95629 0 8.52066 2.96407 0
6.06707 11.9156 0 6.15629 11.6192 0
2.0521 22.112 0 2.09671 22.2305 0
11.8665 15.591 0 12.0003 15.2353 0
13.6063 9.48503 0 13.7847 9.72216 0
13.5171 12.9234 0 13.5617 12.8048 0
1.33832 18.7329 0 1.42754 18.7329 0
0.713772 14.5832 0 0.892216 14.8796 0
12.0449 10.0186 0 12.0895 9.84072 0
7.00389 8.71437 0 7.09311 8.89221 0
6.91467 16.3024 0 6.95928 16.006 0
2.8997 11.8563 0 2.98892 10.9671 0
3.65808 18.9701 0 3.70269 18.8515 0
1.47216 25.076 0 1.73982 24.9575 0
10.662 13.8719 0 10.662 13.7533 0
1.6506 14.6425 0 1.73982 14.6425 0
4.9518 10.9078 0 5.30868 10.4335 0
4.77335 14.3461 0 4.86257 14.4647 0
8.47605 1.36347 0 8.47605 1.48204 0
11.4204 21.1042 0 11.465 21.4006 0
8.47605 9.78144 0 8.52066 9.60359 0
8.02994 2.90479 0 8.43144 2.60838 0
14.0078 14.6425 0 14.1416 14.4054 0
1.38293 16.9545 0 1.73982 17.4287 0
7.67305 10.9671 0 7.71766 10.8485 0
6.95928 25.3725 0 7.09311 25.4317 0
3.34581 24.6018 0 3.56886 24.424 0
2.31976 14.8796 0 2.40898 15.176 0
1.87365 12.212 0 2.00748 12.4491 0
0.802994 16.006 0 1.11527 15.6503 0
1.33832 25.2539 0 1.42754 25.1946 0
3.92575 14.3461 0 4.05958 14.5832 0
7.71766 4.26826 0 8.02994 4.38683 0
5.30868 17.0138 0 5.30868 16.7174 0
13.7847 19.9778 0 13.9186 19.9778 0
4.19341 14.4054 0 4.32725 14.4647 0
6.78084 0.592814 0 6.78084 0.41497 0
13.6509 20.0371 0 13.7847 19.9186 0
7.18234 22.5862 0 7.18234 22.7048 0
11.1527 20.3335 0 11.4204 20.2743 0
3.61347 11.2042 0 3.83653 11.5006 0
7.27156 20.4521 0 7.27156 20.1557 0
1.87365 18.2587 0 1.96287 18.1401 0
13.1156 15.8281 0 13.1156 15.7096 0
2.0521 14.8796 0 2.09671 14.7018 0
10.6174 13.279 0 10.7066 13.0419 0
4.19341 10.0778 0 4.46108 10.0186 0
9.01138 16.5395 0 9.05599 16.3024 0
1.73982 12.3898 0 1.82904 12.2713 0
13.6063 17.6066 0 13.6509 17.488 0
13.3832 18.8515 0 13.6509 18.9701 0
4.10419 11.797 0 4.19341 11.6192 0
7.53922 8.06227 0 7.58383 8.24012 0
6.42395 17.1323 0 6.6024 16.8952 0
6.6024 17.2509 0 6.91467 16.5395 0
7.98533 16.421 0 8.74371 16.1245 0
11.2419 18.9701 0 11.2865 19.0886 0
4.41647 16.3617 0 4.50569 16.1838 0
1.96287 18.9701 0 2.31976 19.2665 0
4.59491 16.2431 0 4.68413 16.6581 0
8.38683 9.48503 0 8.43144 9.30719 0
2.0521 15.3539 0 2.09671 15.0575 0
13.0263 17.488 0 13.1156 17.488 0
4.9518 7.76587 0 4.9518 8.06227 0
5.71018 4.1497 0 5.75479 4.56467 0
2.94431 13.9311 0 3.03353 13.8719 0
3.65808 12.3305 0 3.70269 12.4491 0
14.2754 23.7719 0 14.2754 23.4754 0
9.01138 1.83772 0 9.1006 1.83772 0
3.88114 7.58802 0 3.97036 7.29162 0
8.56527 5.57245 0 8.74371 5.63174 0
5.84401 6.63952 0 5.93323 6.93593 0
9.5021 17.0731 0 9.72515 16.5988 0
4.19341 17.9623 0 4.23802 17.7251 0
7.80689 14.2275 0 7.98533 13.694 0
4.41647 12.1527 0 4.41647 12.0341 0
10.7066 0.474251 0 10.7066 0.355689 0
0.758383 17.488 0 0.981437 17.7844 0
10.5728 18.8515 0 10.7512 18.7329 0
5.26407 20.5707 0 5.30868 20.3928 0
5.21946 16.3024 0 5.35329 16.3617 0
11.9111 19.5629 0 12.0895 19.385 0
13.3832 19.6814 0 13.5617 19.8593 0
0.802994 16.0653 0 0.892216 15.9467 0
4.10419 24.1275 0 4.28263 24.3054 0
10.1713 14.0497 0 10.2159 13.8719 0
1.91826 13.4569 0 1.91826 13.3383 0
9.99281 14.9982 0 10.082 14.6425 0
1.29371 18.7922 0 1.51677 18.7922 0
7.18234 19.9186 0 7.31617 20.5114 0
14.1862 14.4647 0 14.4539 13.9904 0
8.65449 23.2383 0 8.74371 23.2383 0
6.91467 20.9856 0 7.09311 21.1042 0
5.84401 18.318 0 5.88862 18.0808 0
4.46108 20.1557 0 4.63952 19.8593 0
3.43503 19.6222 0 3.70269 19.8 0
8.25299 23.2383 0 8.56527 23.594 0
5.21946 3.2012 0 5.3979 3.14192 0
4.23802 9.84072 0 4.32725 9.84072 0
4.1488 6.58024 0 4.28263 6.63952 0
4.68413 14.8204 0 4.90719 15.176 0
6.37934 10.7892 0 6.55778 11.0263 0
2.31976 22.112 0 2.40898 22.4084 0
8.11916 0.82994 0 8.11916 0.711377 0
6.11168 11.6192 0 6.51317 12.0341 0
5.44251 3.14192 0 5.66557 3.31976 0
13.874 20.8078 0 13.9632 20.9263 0
10.0374 14.2868 0 10.1713 13.9311 0
13.1156 18.7922 0 13.294 18.9108 0
12.8925 15.7096 0 13.1156 15.176 0
3.34581 19.8 0 3.52425 19.5629 0
11.7326 12.4491 0 11.9111 12.3898 0
5.3979 16.8359 0 5.53174 17.0138 0
11.3757 10.9078 0 11.4204 10.7892 0
8.56527 16.8359 0 8.78832 16.8359 0
12.5802 9.78144 0 12.7587 9.54431 0
3.74731 12.0341 0 3.83653 11.9156 0
8.43144 9.36647 0 8.52066 9.12934 0
11.7772 19.1479 0 11.7772 19.2665 0
7.76228 2.48982 0 7.8515 2.37126 0
7.53922 14.2868 0 7.76228 14.0497 0
4.10419 22.5862 0 4.41647 22.1713 0
8.65449 0.711377 0 8.65449 0.592814 0
8.43144 15.0575 0 8.52066 15.176 0
12.6695 9.78144 0 12.8033 9.84072 0
13.6509 11.2042 0 13.9186 10.4928 0
2.54281 17.2509 0 2.58742 17.0731 0
13.2048 13.2198 0 13.3832 13.1605 0
1.60599 15.8281 0 1.73982 15.4725 0
10.7066 13.1012 0 10.7958 12.8641 0
4.63952 8.24012 0 4.86257 8.06227 0
10.5281 15.4132 0 10.7066 15.4725 0
14.0524 16.2431 0 14.1862 16.1838 0
6.78084 15.5317 0 6.82545 15.2946 0
3.70269 16.2431 0 3.83653 16.1245 0
3.43503 7.70659 0 3.74731 8.00299 0
8.83293 25.0168 0 8.87754 24.7204 0
3.34581 14.5832 0 3.47964 14.5832 0
7.27156 22.7048 0 7.31617 22.5269 0
14.3647 19.2665 0 14.4539 19.2072 0
8.16377 1.30419 0 8.25299 1.12635 0
14.2308 23.3569 0 14.4093 23.4754 0
1.2491 15.8281 0 1.56138 15.8281 0
3.12275 8.06227 0 3.16737 7.64731 0
2.63204 18.9701 0 2.63204 18.8515 0
11.1081 11.6192 0 11.1527 11.9156 0
7.40539 3.91257 0 7.45 3.4976 0
5.35329 16.8359 0 5.3979 17.0138 0
9.81437 13.6347 0 9.9482 13.6347 0
8.74371 9.18862 0 8.83293 8.9515 0
12.7587 10.4928 0 12.8479 10.6707 0
8.25299 2.84551 0 8.34222 2.84551 0
7.71766 17.3695 0 7.89611 17.3102 0
3.83653 18.2587 0 3.88114 18.1401 0
4.41647 8.00299 0 4.46108 8.12156 0
4.5503 10.4335 0 4.90719 10.7892 0
4.1488 11.6192 0 4.37186 11.9156 0
8.74371 17.488 0 9.01138 17.488 0
4.1488 5.92814 0 4.1488 5.80958 0
11.1527 11.6192 0 11.1973 11.382 0
2.09671 12.9826 0 2.23054 13.0419 0
