6.1245 11.375 0 6.2249 11.4167 0
7.61044 11.125 0 7.71084 11.2083 0
4.27711 9.625 0 4.35743 9.29167 0
3.75502 12.0833 0 3.93574 13.75 0
9.35743 6.54167 0 9.39759 6.5 0
4.09639 11.3333 0 4.15663 11.3333 0
3.43373 10.4583 0 3.69478 10.4583 0
5.80321 9.625 0 6.14458 9.5 0
1.84739 10.0833 0 2.02811 10.1667 0
7.53012 9.70833 0 7.53012 9.20833 0
3.63454 11.2083 0 3.69478 11.25 0
4.21687 10.125 0 4.33735 10.0417 0
1.92771 10.1667 0 2.00803 9.20833 0
0.903614 9.125 0 0.983936 9.16667 0
6.60643 9.29167 0 6.62651 9.45833 0
0.401606 4.5 0 0.401606 4.41667 0
8.79518 6.5 0 8.8755 6.5 0
3.23293 8.875 0 3.31325 8.66667 0
4.15663 14.5833 0 4.6988 16.125 0
1.2249 8.95833 0 1.3253 9.45833 0
6.2249 9.29167 0 6.44578 9.25 0
7.51004 10.375 0 7.61044 10.7917 0
6.84739 1.70833 0 6.84739 -6.15348e-015 0
3.69478 6.66667 0 3.73494 6.66667 0
5.92369 1.25 0 6.20482 1.125 0
6.98795 11.125 0 7.12851 10.5 0
4.11647 9.91667 0 4.23695 9.875 0
4.8996 9.625 0 4.97992 9.70833 0
5.44177 9.5 0 6.20482 9.29167 0
4.09639 9.45833 0 4.57831 9.54167 0
2.79116 11.875 0 3.09237 11.7083 0
2.42972 10.5833 0 2.53012 10.625 0
6.76707 16.2917 0 6.94779 15.625 0
9.25703 6.375 0 9.31727 6.33333 0
5.64257 11.2917 0 5.68273 11.3333 0
2.4498 10.5417 0 2.57028 10.4583 0
9.21687 7.125 0 9.49799 6.125 0
0.261044 4.45833 0 0.261044 4 0
9.71888 5.79167 0 9.73896 5.70833 0
9.25703 7.79167 0 9.27711 7.70833 0
6.56627 15 0 6.66667 15.125 0
0.120482 5.58333 0 0.120482 5.33333 0
5.58233 11.125 0 5.62249 11.1667 0
4.41767 9.33333 0 5.22088 9.54167 0
3.83534 6.125 0 4.07631 5.33333 0
1.86747 9.95833 0 2.12851 9.95833 0
7.16867 12.9167 0 7.16867 12.5833 0
0.803213 8.45833 0 0.903614 8.54167 0
8.43373 12.9167 0 9.01606 13.4167 0
2.14859 10.4167 0 2.20884 10.25 0
7.5502 6.16667 0 7.5502 5.33333 0
4.15663 11.5417 0 4.19679 11.5417 0
0.461847 14.8333 0 0.481928 15.1667 0
4.43775 11.5417 0 4.53815 11.5 0
0.421687 14.625 0 0.421687 14.5 0
3.55422 9.04167 0 3.61446 9.04167 0
7.48996 12.2083 0 7.69076 11.4167 0
4.8996 10.0417 0 4.91968 9.625 0
7.751 6.79167 0 8.15261 6.70833 0
7.40964 9.75 0 7.51004 9.75 0
3.95582 11.2917 0 4.07631 11.2917 0
5.54217 0.875 0 5.64257 0.541667 0
6.94779 11.4167 0 6.94779 11.1667 0
7.14859 14.125 0 7.14859 13.9583 0
0.120482 4.33333 0 0.120482 4.08333 0
4.87952 10.75 0 5 10.7083 0
8.9759 9.75 0 9.03614 9.75 0
1.88755 10.5 0 1.94779 10.2917 0
7.14859 13.125 0 7.14859 12.9583 0
3.43373 10.875 0 3.53414 10.5 0
7.67068 7.91667 0 7.67068 7.83333 0
1.86747 10.625 0 2.06827 9.91667 0
4.23695 3.29167 0 4.41767 2.70833 0
7.00803 16.375 0 7.14859 15.7083 0
4.51807 2.54167 0 4.51807 0.541667 0
9.83936 4.875 0 9.8996 4.75 0
6.36546 10.2917 0 6.4257 9.75 0
4.23695 15.3333 0 4.51807 16.1667 0
6.16466 11.6667 0 6.66667 11.625 0
0.0401606 7.91667 0 0.120482 7 0
2.00803 11.5 0 2.18876 11.4583 0
5.68273 16.8333 0 6.08434 16.375 0
1.48594 13.0417 0 1.84739 12.4583 0
1.30522 10.7083 0 1.30522 10.625 0
9.6988 5.33333 0 9.91968 4.75 0
0.060241 4.45833 0 0.100402 5.29167 0
7.38956 4.875 0 7.48996 5.08333 0
0.200803 5.33333 0 0.200803 5.70833 0
0.361446 13.875 0 0.441767 13.75 0
0.180723 8.33333 0 0.240964 8.375 0
6.72691 11.5833 0 6.72691 11.375 0
2.26908 9.83333 0 2.40964 9.83333 0
3.9759 3.625 0 4.31727 3.125 0
5.68273 9.75 0 5.72289 9.75 0
3.05221 8.95833 0 3.17269 9 0
7.36948 10.0417 0 7.48996 9.91667 0
3.99598 8.91667 0 4.35743 8.875 0
7.10843 10.6667 0 7.14859 9.91667 0
1.82731 11.0417 0 1.84739 10.9583 0
4.19679 9.625 0 4.23695 9.625 0
6.2249 1.375 0 6.26506 1.875 0
7.16867 14.1667 0 7.18876 15.0417 0
9.35743 5.83333 0 9.45783 5.625 0
6.66667 11.4167 0 6.68675 11.5833 0
8.89558 8.08333 0 9.01606 8.125 0
3.95582 9.41667 0 4.05622 9.25 0
3.49398 9.75 0 3.5743 9.58333 0
3.99598 14.0417 0 4.15663 14.5 0
0.0200803 3.08333 0 0.0401606 3.58333 0
0.361446 5.29167 0 0.401606 6.29167 0
5.36145 0.458333 0 5.48193 0.875 0
1.06426 8.91667 0 1.18474 8.91667 0
0.943775 14.4167 0 0.983936 14.375 0
9.63855 5.41667 0 9.6988 5.29167 0
6.56627 2.08333 0 6.66667 2.375 0
9.17671 9.66667 0 9.67871 9.66667 0
3.49398 8 0 3.53414 6.75 0
7.26908 4.5 0 7.28916 4.625 0
3.55422 10.7083 0 3.55422 10.625 0
0.542169 8.5 0 0.542169 7.95833 0
0.461847 8.91667 0 0.542169 8.79167 0
0.180723 6.83333 0 0.281125 8.75 0
3.39357 9.83333 0 3.55422 9.83333 0
6.48594 16.75 0 6.50602 16.6667 0
9.67871 9.79167 0 9.71888 9.79167 0
9.51807 5.58333 0 9.55823 5.5 0
0.883534 9.25 0 0.943775 9.29167 0
0.481928 13.875 0 0.481928 13.9583 0
0.983936 14.2917 0 1.24498 13.75 0
6.70683 15.0417 0 7.02811 14.0417 0
7.30924 9.66667 0 7.38956 9.66667 0
5.3012 10 0 5.40161 9.75 0
0.321285 9 0 0.361446 9 0
4.57831 11.5 0 4.61847 11.4583 0
5.86345 1.41667 0 5.98394 1.16667 0
0.381526 7.25 0 0.401606 7.66667 0
1.4257 9.33333 0 1.58635 9.75 0
7.28916 8.25 0 7.32932 8.25 0
6.88755 11.5 0 7.04819 11.2917 0
4.17671 10.125 0 4.29719 10.0417 0
9.07631 7.875 0 9.15663 8.04167 0
7.87149 7.95833 0 7.95181 8.25 0
0.100402 16.9167 0 0.421687 15.6667 0
6.72691 2.25 0 6.72691 2.33333 0
0.60241 8.875 0 0.64257 8.875 0
8.81526 7.08333 0 9.47791 6.08333 0
9.01606 8.5 0 9.13655 8.45833 0
0.180723 5.29167 0 0.180723 4.41667 0
1.80723 11.5417 0 2.08835 11.4583 0
8.43373 6.20833 0 8.51406 6.20833 0
8.91566 8.5 0 9.19679 8.41667 0
0.582329 14.7083 0 0.64257 14.8333 0
6.0241 0.625 0 6.08434 0.625 0
3.35341 10.0417 0 3.37349 10.125 0
1.28514 9.70833 0 1.36546 9.83333 0
5.24096 1.125 0 5.44177 0.208333 0
0.301205 8.54167 0 0.361446 8.625 0
2.42972 9.95833 0 2.53012 9.91667 0
3.79518 3.875 0 3.79518 3.79167 0
7.10843 11.125 0 7.26908 10.0417 0
4.55823 11.2917 0 4.59839 11.25 0
6.74699 0.416667 0 6.74699 0.0416667 0
3.05221 11.4583 0 3.33333 11.625 0
3.45382 10.9167 0 3.71486 10.8333 0
0 6.16667 0 0.060241 6.20833 0
7.42972 10.625 0 7.46988 10.375 0
7.67068 8.20833 0 7.67068 8.54167 0
9.47791 7.33333 0 9.55823 7.29167 0
8.15261 8.54167 0 8.19277 8.54167 0
6.48594 9 0 6.56627 9.08333 0
7.02811 14.4583 0 7.02811 14.125 0
1.24498 5.45833 0 1.28514 5.45833 0
3.29317 9.5 0 3.39357 9.625 0
6.26506 1.5 0 6.62651 0.875 0
4.25703 9.625 0 4.33735 9.66667 0
9.35743 7.375 0 9.47791 6.875 0
3.91566 9.91667 0 3.95582 9.91667 0
2.61044 11.6667 0 2.91165 11.4583 0
3.5743 10.1667 0 3.5743 9.91667 0
6.82731 2.54167 0 6.82731 1.75 0
5.14056 1.25 0 5.26104 1.70833 0
0.180723 6.45833 0 0.401606 6.625 0
2.04819 10.4583 0 2.12851 10.4583 0
3.4739 11 0 3.71486 10.6667 0
0.0803213 3.75 0 0.0803213 3.83333 0
9.05622 13.4167 0 9.57831 14 0
0.562249 14.5417 0 0.60241 14.7083 0
9.83936 4.79167 0 9.95984 4.75 0
0.401606 9.70833 0 0.542169 9.70833 0
3.63454 9.125 0 3.6747 9.20833 0
0.220884 3.79167 0 0.421687 4.20833 0
1.86747 10.6667 0 1.98795 10.5 0
5.70281 11.125 0 6.00402 11.375 0
2.69076 9.04167 0 3.01205 9.04167 0
9.39759 6.41667 0 9.43775 6.375 0
4.39759 9.83333 0 4.45783 9.83333 0
0.361446 9.83333 0 0.401606 9.75 0
7.71084 8.45833 0 7.77108 8.375 0
8.01205 12.6667 0 8.27309 12.875 0
6.44578 9.875 0 6.54618 9.875 0
6.3253 9 0 6.40562 9 0
7.42972 10.4583 0 7.46988 10.7917 0
7.32932 9.25 0 7.51004 8.95833 0
1.88755 9.66667 0 2.04819 9.91667 0
2.06827 10.7083 0 2.10843 10.7083 0
5.36145 10.0417 0 5.58233 9.95833 0
6.96787 3.04167 0 7.00803 3.125 0
5.48193 17.4583 0 5.64257 17.4167 0
5.58233 0.416667 0 5.68273 0.708333 0
5.70281 1.625 0 5.86345 1.79167 0
7.71084 9.29167 0 7.81124 9.25 0
6.10442 8.70833 0 6.16466 8.58333 0
7.83133 10.4167 0 7.83133 10.5 0
3.53414 6.58333 0 3.53414 6.125 0
8.15261 6.66667 0 8.35341 6.29167 0
7.28916 4.41667 0 7.32932 4.70833 0
5.90361 1.75 0 6.04418 1.33333 0
6.72691 0.833333 0 6.74699 2.125 0
5.90361 17.4583 0 6.2249 17.0833 0
0.100402 6.20833 0 0.200803 6.25 0
5.52209 10.9167 0 5.66265 10.9583 0
7.61044 6.75 0 7.73092 6.83333 0
7.36948 10 0 7.36948 10.1667 0
6.3253 16.875 0 6.56627 16.625 0
9.77912 9.33333 0 9.97992 9.33333 0
8.9759 8.25 0 9.03614 8.08333 0
7.02811 13.7917 0 7.02811 13.9167 0
7.4498 11.2917 0 7.46988 11.0417 0
3.31325 9.58333 0 3.53414 10.1667 0
3.93574 3.95833 0 3.95582 3.70833 0
7.00803 15.125 0 7.02811 14.5 0
8.81526 6.54167 0 8.85542 6.45833 0
3.73494 9.25 0 3.99598 9.25 0
7.63052 6.625 0 7.63052 6.79167 0
5.64257 0.0833333 0 5.68273 0.291667 0
3.09237 11.5 0 3.17269 11.7083 0
8.81526 7.04167 0 9.19679 6.45833 0
6.30522 10.0417 0 6.46586 9.83333 0
5.80321 0.666667 0 6.10442 1.33333 0
7.61044 6.45833 0 7.61044 6.66667 0
0.883534 8.29167 0 0.963855 8.20833 0
1.28514 9.33333 0 1.38554 9.625 0
6.48594 10.125 0 6.48594 10.0417 0
5.82329 1.375 0 6.30522 0.541667 0
6.58635 9.45833 0 6.78715 9.45833 0
3.35341 9.91667 0 3.55422 9.875 0
1.4257 7.16667 0 1.68675 7.625 0
3.41365 9.25 0 3.51406 9.29167 0
0.903614 9.25 0 0.943775 9.25 0
6.60643 2.16667 0 6.72691 2.20833 0
6.5261 15.125 0 6.60643 14.7917 0
2.10843 10.75 0 2.30924 10.75 0
5.76305 0.625 0 6.10442 1.375 0
1.10442 8.70833 0 1.14458 8.70833 0
7.6506 8.25 0 7.87149 8.04167 0
5.44177 10.5833 0 5.52209 10.5 0
1.1245 13.9583 0 1.30522 13.5833 0
6.3253 11.4583 0 6.80723 11.375 0
1.1245 10 0 1.34538 10.0417 0
3.65462 9.625 0 3.7751 9.625 0
5.84337 0.958333 0 5.92369 0.833333 0
7.46988 12.375 0 7.87149 12.5833 0
5.56225 0.0833333 0 5.64257 0.375 0
6.5261 9.45833 0 6.56627 9.45833 0
7.5502 10.5833 0 7.61044 11 0
1.0241 11.75 0 1.06426 11.7083 0
7.751 8.125 0 7.83133 8 0
3.4739 9.95833 0 3.49398 9.70833 0
6.4257 9 0 6.46586 9 0
6.40562 9.29167 0 6.54618 9.29167 0
8.8755 6.45833 0 9.17671 6.08333 0
9.15663 8.08333 0 9.15663 8.20833 0
3.81526 3.79167 0 3.85542 3.5 0
5.52209 10.375 0 5.62249 10.9167 0
2.02811 9.91667 0 2.18876 9.91667 0
3.61446 9.125 0 3.61446 8.29167 0
0.421687 9.45833 0 0.60241 9.125 0
6.28514 9.875 0 6.34538 9.70833 0
6.14458 16.2083 0 6.18474 16.2083 0
5.28112 10 0 5.36145 10 0
6.66667 5.29167 0 6.86747 5.5 0
6.98795 3.125 0 7.12851 3.45833 0
2.18876 9.875 0 2.249 9.875 0
5.26104 9.83333 0 5.44177 9.83333 0
8.49398 8.54167 0 8.5743 8.5 0
0.281125 5.79167 0 0.281125 5.875 0
7.00803 13.9583 0 7.10843 13.375 0
7.69076 11.375 0 7.77108 10.625 0
2.5502 11.0417 0 2.59036 11.3333 0
3.69478 10.5833 0 3.69478 10.25 0
3.23293 11.7083 0 3.33333 11.6667 0
5.50201 9.70833 0 5.62249 9.58333 0
4.65863 9.625 0 4.6988 9.625 0
5.78313 16.75 0 5.90361 16.6667 0
6.96787 15.3333 0 6.98795 15.25 0
3.7751 11.375 0 4.13655 11.5417 0
9.6988 14.1667 0 9.75904 14.25 0
1.84739 10.2083 0 2.04819 10.2083 0
0.240964 6.33333 0 0.341365 6.83333 0
7.40964 11.2917 0 7.51004 11.3333 0
5.42169 1.625 0 5.56225 1.875 0
3.03213 9 0 3.09237 9 0
6.92771 11.25 0 7.02811 11.2917 0
9.49799 5.625 0 9.51807 5.54167 0
3.63454 8.20833 0 3.65462 7.375 0
3.59438 11.8333 0 3.73494 12.0417 0
4.43775 2.95833 0 4.47791 2.875 0
0.863454 14.5833 0 1.1245 14.0417 0
1.26506 7.08333 0 1.54618 7.33333 0
4.23695 9.29167 0 4.39759 9.29167 0
3.49398 11.125 0 3.71486 11.0417 0
0.943775 5.625 0 1.34538 5.41667 0
0.682731 8.5 0 0.863454 8.54167 0
3.95582 3.79167 0 3.95582 3.875 0
3.9759 9.41667 0 4.07631 9.45833 0
4.6988 0.25 0 4.87952 0.291667 0
5.56225 11.0833 0 5.70281 11.0833 0
1.66667 12.7917 0 1.94779 12.3333 0
0.401606 5 0 0.401606 4.79167 0
6.62651 9.29167 0 6.66667 9.29167 0
1.4257 13.2917 0 1.44578 13.125 0
3.5743 4.41667 0 3.63454 4.79167 0
5.66265 11.3333 0 5.76305 11.2083 0
5.60241 0.75 0 5.70281 0.958333 0
2.30924 11.4583 0 2.46988 11.5 0
5.88353 0.958333 0 5.90361 0.791667 0
5.96386 1.16667 0 6.10442 1.41667 0
3.73494 11.125 0 3.89558 11.25 0
0.461847 8.125 0 0.461847 8.20833 0
0.180723 3.83333 0 0.180723 3.91667 0
2.14859 10.2917 0 2.18876 10.25 0
1.04418 8.95833 0 1.20482 8.95833 0
7.63052 7.20833 0 7.67068 7.70833 0
6.3253 10.2917 0 6.46586 10.125 0
0.120482 7.125 0 0.261044 7.04167 0
2.59036 11.5417 0 2.77108 11.7917 0
3.43373 10.8333 0 3.5743 10.7917 0
3.59438 9.66667 0 3.71486 9.70833 0
4.77912 9.75 0 5 9.75 0
0.923695 8.45833 0 0.963855 8.45833 0
4.43775 11.2917 0 4.53815 11.2917 0
5.92369 16.625 0 5.96386 16.5 0
1.74699 11.0833 0 1.84739 11 0
3.4739 11.0417 0 3.71486 10.9167 0
1.88755 9.625 0 1.96787 9.58333 0
7.10843 9.33333 0 7.20884 9.625 0
0.140562 11.375 0 0.140562 10.9167 0
3.99598 13.9583 0 4.03614 14.125 0
9.59839 13.875 0 9.87952 14.0417 0
7.38956 9.95833 0 7.51004 9.79167 0
9.39759 6.125 0 9.45783 6.04167 0
6.20482 16.1667 0 6.64659 15.2083 0
3.37349 9.875 0 3.49398 9.16667 0
8.95582 6.33333 0 9.31727 5.875 0
3.53414 11.625 0 3.53414 11.3333 0
6.78715 16.9583 0 6.86747 16.7083 0
5.80321 1.33333 0 5.88353 1.41667 0
7.30924 9.625 0 7.30924 9.91667 0
5.40161 9.79167 0 5.46185 9.79167 0
0.763052 8.875 0 0.763052 8.70833 0
1.28514 9.91667 0 1.34538 10 0
3.99598 5.54167 0 4.27711 5 0
7.18876 12.5417 0 7.26908 12.3333 0
1.78715 11.5 0 1.82731 11.0833 0
2.5502 9.25 0 2.5502 9.16667 0
3.45382 8.625 0 3.49398 8.5 0
5.18072 9.79167 0 5.26104 9.79167 0
4.07631 9.625 0 4.17671 9.625 0
5.82329 1.66667 0 5.84337 1.75 0
4.71888 0.166667 0 4.75904 0.291667 0
7.6506 8.16667 0 7.73092 8.45833 0
0.341365 7.16667 0 0.401606 7.20833 0
7.59036 6.04167 0 7.59036 5.95833 0
9.55823 5.54167 0 9.59839 5.41667 0
6.78715 11.5417 0 6.82731 11.5417 0
0.903614 9.04167 0 1.0241 9.04167 0
8.85542 10 0 8.89558 9.875 0
0.421687 4.375 0 0.421687 4.125 0
8.81526 7.33333 0 8.91566 7.58333 0
8.6747 6.29167 0 8.71486 6.29167 0
5.44177 10.5417 0 5.54217 10.5833 0
6.28514 17 0 6.74699 16.3333 0
4.23695 10.1667 0 4.27711 10.1667 0
0.441767 8.45833 0 0.522088 8.58333 0
6.36546 8.5 0 6.5261 8.75 0
6.30522 4.91667 0 6.36546 4.95833 0
0.381526 5.08333 0 0.381526 5.16667 0
9.33735 13.6667 0 9.45783 13.8333 0
3.5743 4.79167 0 3.61446 4 0
7.28916 7.54167 0 7.38956 7.875 0
9.37751 6.16667 0 9.41767 6.125 0
0.783133 8.25 0 0.963855 8.375 0
4.63855 16.4583 0 5.18072 17.375 0
0.140562 6.54167 0 0.261044 6.41667 0
7.73092 10.2917 0 7.77108 10 0
8.81526 7.41667 0 8.93574 7.70833 0
9.85944 14.3333 0 9.93976 14.4583 0
3.37349 10.0417 0 3.4739 10.0417 0
1.90763 9.45833 0 1.92771 9 0
0.321285 7.04167 0 0.341365 7.125 0
7.83133 9.25 0 7.89157 9.58333 0
3.03213 11.4583 0 3.07229 11.5 0
9.17671 7.29167 0 9.25703 7.04167 0
3.39357 10.2083 0 3.49398 10.2083 0
2.02811 12.25 0 2.08835 12.2083 0
0.722892 14.9167 0 0.843373 14.7083 0
0.983936 8.75 0 1.0241 8.75 0
2.249 10.2917 0 2.57028 10.2917 0
9.37751 19.5417 0 9.6988 18.7083 0
7.85141 10.4167 0 7.85141 10.3333 0
0.361446 14.3333 0 0.401606 14.4167 0
5.02008 10.5417 0 5.08032 10.375 0
4.25703 9.91667 0 4.29719 9.91667 0
7.6506 11.625 0 7.6506 11.5 0
8.85542 8 0 8.91566 7.75 0
6.0241 1 0 6.18474 0.666667 0
0.662651 8.875 0 0.662651 8.5 0
0.0401606 17.0833 0 0.341365 15.9167 0
5.40161 10.375 0 5.62249 11.25 0
9.23695 19.875 0 9.47791 19.25 0
4.8996 10.7083 0 4.91968 10.125 0
0.883534 14.5833 0 0.963855 14.4167 0
4.23695 11.3333 0 4.35743 11.3333 0
7.04819 9.33333 0 7.36948 9.20833 0
7.40964 9.41667 0 7.51004 9.29167 0
2.32932 10.7083 0 2.5502 10.6667 0
5.38153 10.25 0 5.38153 10.125 0
5.86345 11.5417 0 6.06426 11.625 0
6.96787 9.54167 0 6.96787 9.33333 0
4.65863 11.4583 0 4.85944 11.2083 0
4.21687 14.7917 0 4.43775 15.4167 0
9.59839 14.0833 0 9.8996 14.375 0
1.28514 9.83333 0 1.38554 9.79167 0
0.441767 9.33333 0 0.562249 9.29167 0
6.38554 2.16667 0 6.38554 1.91667 0
3.55422 11.5417 0 3.59438 11.7917 0
3.69478 9.58333 0 3.71486 9.79167 0
0.60241 9.625 0 0.60241 9.08333 0
4.09639 14.375 0 4.19679 14.6667 0
1.10442 9.33333 0 1.1245 9.08333 0
0.060241 3.375 0 0.140562 3.41667 0
5.42169 0.708333 0 5.52209 0.416667 0
4.77912 11.125 0 4.81928 10.9583 0
1.18474 10.0417 0 1.2249 10.4583 0
7.42972 11.2083 0 7.4498 11.5 0
5.88353 1.75 0 6.0241 1.33333 0
7.16867 15.5417 0 7.16867 15.1667 0
2.4498 10.0417 0 2.5502 9.95833 0
5.54217 1.41667 0 5.58233 1.20833 0
6.68675 9.29167 0 6.90763 9.29167 0
7.53012 11.25 0 7.61044 11.1667 0
7.12851 6.41667 0 7.12851 6.16667 0
7.40964 8.83333 0 7.4498 9 0
5.58233 1.79167 0 5.68273 1.625 0
7.06827 6.04167 0 7.06827 5.95833 0
3.59438 9.25 0 3.71486 9.20833 0
9.61847 9.75 0 9.75904 9.375 0
0.100402 4.04167 0 0.100402 3.875 0
2.53012 9.25 0 2.53012 9.875 0
5.48193 16.9167 0 5.76305 16.7917 0
7.16867 3.79167 0 7.16867 3.91667 0
4.93976 9.83333 0 5.1004 10 0
8.79518 7.20833 0 8.83534 7.41667 0
5.42169 0.625 0 5.48193 0.5 0
6.84739 5.5 0 7.10843 6.08333 0
5.66265 17.4583 0 5.94378 17.4583 0
6.54618 1.04167 0 6.62651 0.916667 0
0.461847 15.5417 0 0.502008 15.5 0
1.24498 13.6667 0 1.28514 13.5833 0
9.17671 7.33333 0 9.21687 7.20833 0
8.23293 12.8333 0 8.49398 13 0
0.461847 8.25 0 0.461847 8.625 0
7.51004 12.375 0 7.5502 12.375 0
6.58635 2.125 0 6.72691 2.5 0
9.59839 6.29167 0 9.67871 5.83333 0
4.83936 10.9167 0 4.95984 10.9167 0
6.06426 4.91667 0 6.18474 4.91667 0
3.33333 8.54167 0 3.51406 8.91667 0
6.86747 11.2917 0 6.96787 11.1667 0
1.72691 11.0833 0 1.84739 10.25 0
4.6988 11.2083 0 4.77912 11.375 0
0.722892 14.875 0 0.843373 14.6667 0
4.6988 16.5833 0 5.16064 17.375 0
3.59438 10.375 0 3.63454 10.75 0
7.08835 9.70833 0 7.14859 9.54167 0
4.25703 11.5417 0 4.41767 11.5417 0
2.91165 9.08333 0 2.95181 9.08333 0
4.71888 11.1667 0 4.7992 11 0
6.58635 10 0 6.62651 10.0417 0
4.19679 15.125 0 4.19679 14.9583 0
4.49799 2.79167 0 4.49799 2.58333 0
3.45382 10.5833 0 3.45382 10.5 0
6.98795 11.3333 0 7.14859 10.9583 0
0.301205 8.58333 0 0.522088 8.625 0
3.73494 6.625 0 3.73494 6.70833 0
5.74297 11.4167 0 5.82329 11.5 0
1.94779 9.16667 0 2.00803 9.16667 0
4.59839 9.58333 0 4.63855 9.58333 0
6.64659 2.25 0 6.72691 2.45833 0
6.20482 9.70833 0 6.2249 9.5 0
7.00803 3.25 0 7.06827 3.33333 0
0.381526 4.54167 0 0.381526 4.75 0
0.381526 5.625 0 0.502008 5.58333 0
9.91968 14.125 0 9.95984 14.125 0
9.63855 9.75 0 9.67871 9.75 0
7.02811 11.0417 0 7.08835 10.7917 0
0.0401606 10.9583 0 0.0401606 11.0833 0
5.44177 1.625 0 5.48193 1.79167 0
7.28916 3.83333 0 7.28916 3.66667 0
4.8996 11.125 0 5.16064 9.95833 0
8.33333 6.375 0 8.39357 6.25 0
5.82329 0.666667 0 5.86345 0.75 0
6.36546 9.70833 0 6.44578 9.75 0
2.16867 10.4167 0 2.30924 10.4167 0
6.34538 8.5 0 6.46586 8.70833 0
5.60241 0.416667 0 5.66265 0.0833333 0
6.90763 16.6667 0 7.04819 16.1667 0
0.682731 8.66667 0 0.863454 8.66667 0
4.49799 0.5 0 4.49799 -6.15348e-015 0
6.28514 10 0 6.46586 10.0417 0
4.25703 15.4583 0 4.35743 15.75 0
5.84337 1 0 6.00402 1.33333 0
6.14458 4.875 0 6.26506 4.91667 0
3.91566 9.70833 0 4.15663 10.125 0
8.6747 6.25 0 8.79518 6.45833 0
0.522088 14.2083 0 0.522088 14.125 0
1.28514 9.75 0 1.38554 9.70833 0
6.3253 15.9583 0 6.34538 15.8333 0
0.0401606 3.16667 0 0.220884 3.75 0
3.49398 10.7917 0 3.49398 10.7083 0
6.62651 5.20833 0 6.74699 5.33333 0
2.6506 11.7917 0 2.67068 11.7083 0
0.441767 13.7917 0 0.562249 14.5 0
9.75904 5.20833 0 9.85944 4.75 0
0.341365 9.16667 0 0.361446 8.95833 0
7.87149 8.41667 0 7.91165 8.16667 0
7.87149 10.3333 0 7.87149 10.25 0
3.4739 11.0833 0 3.73494 10.9583 0
3.43373 10.5 0 3.43373 10.375 0
6.1245 1.125 0 6.14458 1.33333 0
3.71486 11.3333 0 3.71486 10.625 0
6.2249 10.0833 0 6.28514 9.95833 0
3.51406 6.08333 0 3.51406 5.83333 0
4.87952 9.91667 0 5 9.79167 0
7.26908 8.125 0 7.42972 8.66667 0
6.28514 1.70833 0 6.28514 1.83333 0
0.140562 6.75 0 0.140562 6.66667 0
3.4739 8.91667 0 3.53414 8.875 0
6.68675 15.0833 0 6.70683 14.9583 0
6.92771 9.5 0 6.92771 9.33333 0
0.461847 8.08333 0 0.522088 8 0
2.61044 9.08333 0 2.67068 9.08333 0
4.63855 9.375 0 4.67871 9.375 0
3.9759 3.66667 0 4.05622 3.54167 0
0.421687 6.75 0 0.421687 7.16667 0
7.89157 9.75 0 7.89157 9.66667 0
0.401606 7.16667 0 0.401606 7.25 0
3.5743 5.41667 0 3.61446 5.08333 0
3.91566 9.41667 0 4.03614 9.25 0
6.20482 9 0 6.30522 9 0
6.26506 9.45833 0 6.50602 9.45833 0
6.18474 0.708333 0 6.20482 1.08333 0
3.59438 5.04167 0 3.61446 4.91667 0
7.67068 7.95833 0 7.73092 8.25 0
5.62249 1.16667 0 5.72289 0.958333 0
6.72691 0.5 0 6.74699 0.708333 0
2.5502 10.0833 0 2.5502 10 0
0.200803 4.54167 0 0.240964 4.58333 0
5.74297 0.708333 0 5.84337 0.916667 0
7.57028 5.83333 0 7.57028 6.08333 0
6.72691 17.0417 0 6.82731 16.875 0
3.4739 10.125 0 3.53414 10.5833 0
5.92369 0.791667 0 6.06426 0.583333 0
5.82329 1.20833 0 5.90361 1.29167 0
5.56225 11 0 5.62249 10.875 0
7.18876 12.4167 0 7.249 12.2917 0
9.31727 7.58333 0 9.35743 7.41667 0
1.30522 13.5 0 1.56627 12.9167 0
3.49398 8.45833 0 3.51406 8.25 0
0.361446 9.25 0 0.381526 8.95833 0
3.45382 5.58333 0 3.59438 5.375 0
9.05622 9.70833 0 9.15663 9.70833 0
2.48996 11.5417 0 2.59036 11.4583 0
1.1245 9.95833 0 1.36546 9.91667 0
7.38956 9.91667 0 7.42972 10.1667 0
7.71084 8.29167 0 7.751 8.41667 0
7.4498 10.4167 0 7.48996 10.375 0
7.40964 10.1667 0 7.51004 9.83333 0
6.62651 15.2917 0 6.62651 15.2083 0
3.39357 10.25 0 3.39357 10.125 0
5.32129 9.5 0 5.36145 9.5 0
4.09639 5.29167 0 4.27711 4.95833 0
7.04819 13.6667 0 7.12851 13.25 0
0.301205 5.70833 0 0.401606 5.91667 0
9.43775 7.41667 0 9.51807 7.33333 0
5.52209 10.125 0 5.70281 9.58333 0
7.46988 11 0 7.57028 11.1667 0
1.28514 10.5417 0 1.3253 10.7917 0
2.32932 10.4583 0 2.38956 10.4583 0
6.24498 10.1667 0 6.28514 10.25 0
1.94779 9.20833 0 2.02811 9.20833 0
7.14859 3.79167 0 7.14859 3.625 0
3.75502 9.58333 0 3.7751 9.66667 0
4.15663 9.875 0 4.21687 9.875 0
6.80723 16.2083 0 6.92771 15.75 0
3.63454 11.1667 0 3.73494 11.0833 0
6.3253 1.75 0 6.36546 1.875 0
6.08434 17.2917 0 6.10442 17.2083 0
0.943775 9.375 0 0.943775 9.45833 0
7.18876 12.5 0 7.22892 12.375 0
6.26506 9.70833 0 6.30522 9.70833 0
6.4257 4.95833 0 6.46586 4.95833 0
2.57028 10.4167 0 2.57028 10.125 0
1.76707 10.75 0 1.86747 10.7083 0
0.361446 13.75 0 0.381526 14.1667 0
0.240964 6.08333 0 0.240964 6 0
7.63052 7.125 0 7.67068 6.875 0
6.08434 0.708333 0 6.2249 1 0
7.10843 9.70833 0 7.12851 9.875 0
0.140562 6.58333 0 0.160643 6.83333 0
4.29719 8.54167 0 4.43775 8.625 0
5.48193 1.875 0 5.48193 1.75 0
7.28916 10 0 7.3494 10.0417 0
3.43373 8.83333 0 3.45382 8.91667 0
5.3012 0.791667 0 5.32129 0.666667 0
5.48193 0.125 0 5.68273 0.0416667 0
3.43373 10.7917 0 3.55422 11.5 0
1.3253 13.5 0 1.40562 13.3333 0
7.36948 12.2917 0 7.42972 12.2917 0
5.64257 0.75 0 5.76305 0.666667 0
7.249 12.25 0 7.32932 12.3333 0
6.5261 8.70833 0 6.56627 8.75 0
7.81124 8.375 0 7.85141 8.375 0
0.361446 14.375 0 0.361446 14.2083 0
1.24498 10.4583 0 1.28514 10.5833 0
8.11245 6.75 0 8.25301 6.41667 0
1.10442 9.20833 0 1.1245 9.41667 0
7.89157 8.125 0 7.97189 8.41667 0
3.71486 10.2083 0 3.71486 10 0
3.75502 6.20833 0 3.75502 6.54167 0
6.16466 9.5 0 6.24498 9.5 0
3.89558 9.79167 0 3.95582 9.875 0
3.49398 9.33333 0 3.51406 9.66667 0
8.8755 7.95833 0 8.8755 8.04167 0
7.10843 3.375 0 7.12851 3.54167 0
7.4498 11.1667 0 7.46988 10.8333 0
3.41365 10.375 0 3.41365 10.25 0
3.39357 9.58333 0 3.55422 9.91667 0
7.42972 8.95833 0 7.48996 8.95833 0
3.53414 9.29167 0 3.5743 9.29167 0
6.96787 2.95833 0 6.96787 2.75 0
5.64257 11.25 0 5.72289 11.1667 0
1.1245 9.83333 0 1.1245 9.54167 0
0.220884 7.875 0 0.220884 7.79167 0
6.18474 16.1667 0 6.26506 16 0
7.751 10.25 0 7.77108 10.125 0
6.00402 16.4583 0 6.1245 16.25 0
1.78715 11.4583 0 1.88755 11.5 0
7.61044 9.54167 0 7.67068 9.375 0
5.60241 1.16667 0 5.68273 1 0
4.71888 11.2083 0 4.77912 11.0833 0
4.75904 11.375 0 4.8996 11.0833 0
9.25703 19.875 0 9.29719 19.75 0
3.59438 4.91667 0 3.59438 4.66667 0
6.84739 2.58333 0 6.86747 2.66667 0
5.1004 9.95833 0 5.26104 9.95833 0
0.401606 6.54167 0 0.401606 6.33333 0
3.61446 5.16667 0 3.61446 5.25 0
5.2008 1.41667 0 5.28112 1 0
1.88755 9.58333 0 1.96787 9.54167 0
9.09639 7.75 0 9.19679 7.95833 0
3.79518 12.5833 0 3.8755 13.375 0
9.43775 5.70833 0 9.49799 5.58333 0
0.903614 9.20833 0 0.963855 9.20833 0
4.41767 15.8333 0 4.61847 16.375 0
0.582329 9.20833 0 0.582329 9.33333 0
4.29719 9.625 0 4.39759 9.66667 0
3.55422 5.45833 0 3.59438 5.33333 0
2.40964 10.6667 0 2.42972 10.5 0
7.6506 9.5 0 7.73092 9.25 0
9.53815 13.875 0 9.57831 13.875 0
5.52209 10.1667 0 5.52209 10.25 0
3.55422 10.9583 0 3.5743 10.8333 0
9.25703 19.7917 0 9.35743 19.5833 0
5.3012 1.70833 0 5.38153 1.58333 0
0.582329 8.875 0 0.863454 8.875 0
5.40161 0.791667 0 5.46185 0.875 0
0.0803213 8.5 0 0.180723 8.375 0
0.381526 9.33333 0 0.381526 9.25 0
3.73494 4 0 3.7751 3.91667 0
8.93574 8.16667 0 9.01606 8.08333 0
6.48594 15.1667 0 6.54618 15.375 0
7.40964 11.3333 0 7.42972 11.5417 0
0.301205 5.79167 0 0.301205 5.66667 0
3.41365 9.29167 0 3.4739 9.33333 0
6.62651 16.5417 0 6.64659 16.4583 0
9.73896 9.875 0 9.97992 10.0833 0
0.160643 4.41667 0 0.240964 4.45833 0
0.281125 4.33333 0 0.281125 4 0
0.301205 6.58333 0 0.401606 6.58333 0
7.95181 8.45833 0 7.95181 8.375 0
2.57028 9.125 0 2.61044 9.125 0
0.301205 8.75 0 0.321285 8.625 0
0.120482 7.08333 0 0.180723 7.125 0
3.83534 9.41667 0 3.93574 9.41667 0
5.84337 11.5 0 5.90361 11.5417 0
5.2008 17.375 0 5.36145 17.4583 0
0.120482 10.7917 0 0.120482 10.875 0
5.48193 10.0417 0 5.56225 10.0417 0
5.80321 1.125 0 5.92369 0.958333 0
6.36546 10 0 6.40562 10 0
1.00402 11.9583 0 1.0241 11.7917 0
6.18474 1.33333 0 6.24498 1.5 0
4.13655 9.25 0 4.21687 9.25 0
7.36948 4.79167 0 7.36948 4.70833 0
6.1245 8.625 0 6.26506 8.45833 0
1.50602 7.33333 0 1.60643 7.41667 0
6.2249 0.75 0 6.24498 0.625 0
3.95582 13.875 0 3.95582 13.7917 0
0.060241 3.70833 0 0.220884 3.83333 0
0.783133 8.70833 0 0.783133 8.5 0
4.27711 8.5 0 4.41767 8.58333 0
0.401606 7.875 0 0.481928 7.875 0
8.55422 6.20833 0 8.61446 6.20833 0
7.36948 7.20833 0 7.40964 7.33333 0
0.441767 14.7917 0 0.441767 14.7083 0
7.46988 11.4583 0 7.59036 11.1667 0
8.83534 10 0 8.85542 9.91667 0
8.29317 8.54167 0 8.4739 8.54167 0
0.562249 5.70833 0 0.562249 5.91667 0
4.71888 0.208333 0 4.73896 0.291667 0
9.6988 5.79167 0 9.83936 5.58333 0
8.13253 6.75 0 8.17269 6.66667 0
6.74699 11.5833 0 6.92771 11.4167 0
0.502008 15.2083 0 0.502008 15.4583 0
1.62651 7.45833 0 1.70683 7.66667 0
0.542169 5.91667 0 0.542169 6 0
0.943775 8.79167 0 0.983936 8.79167 0
7.89157 12.625 0 7.93173 12.625 0
5.40161 17.4583 0 5.46185 17.4583 0
7.42972 9.04167 0 7.46988 9 0
9.41767 7.16667 0 9.45783 7 0
9.19679 7.875 0 9.25703 7.75 0
2.4498 10 0 2.46988 10.1667 0
7.18876 10.75 0 7.20884 10.5 0
3.65462 9.66667 0 3.73494 9.75 0
5.38153 9.5 0 5.42169 9.5 0
0.200803 4.58333 0 0.200803 4.66667 0
6.4257 1.25 0 6.58635 1 0
4.81928 9.79167 0 4.87952 9.95833 0
4.25703 8.91667 0 4.37751 8.875 0
5.60241 9.625 0 5.68273 9.58333 0
7.40964 9.875 0 7.40964 9.79167 0
2.69076 11.7083 0 2.81124 11.5 0
1.90763 12.375 0 2.04819 12.25 0
5.42169 10.4167 0 5.52209 10.3333 0
6.94779 5.75 0 7.04819 5.91667 0
6.56627 15.0417 0 6.60643 14.8333 0
7.04819 13.7917 0 7.12851 13.875 0
0.060241 10.875 0 0.060241 10.7917 0
7.40964 4.95833 0 7.51004 5.16667 0
7.91165 9.95833 0 7.91165 9.83333 0
3.51406 4.54167 0 3.61446 4.29167 0
6.5261 16.625 0 6.58635 16.5417 0
1.76707 10.9583 0 1.86747 10.7917 0
1.28514 9.79167 0 1.38554 9.66667 0
1.50602 9.58333 0 1.58635 9.70833 0
0.883534 9.29167 0 0.943775 9.33333 0
4.49799 9.54167 0 4.53815 9.54167 0
4.47791 2.91667 0 4.47791 2.66667 0
9.43775 6.29167 0 9.49799 6.20833 0
3.53414 6.70833 0 3.53414 6.625 0
6.64659 15.1667 0 6.66667 15.0833 0
3.45382 9.16667 0 3.5743 9.08333 0
7.48996 11.375 0 7.51004 11.2917 0
0.783133 8.20833 0 0.783133 8.08333 0
6.72691 1.75 0 6.72691 1.66667 0
0.421687 15.7083 0 0.461847 15.625 0
7.77108 10.7083 0 7.81124 10.5417 0
5.62249 9.875 0 5.76305 9.625 0
3.33333 9.58333 0 3.51406 9.45833 0
9.57831 14.0417 0 9.61847 14.0833 0
6.96787 15.4583 0 6.96787 15.375 0
1.00402 11.7917 0 1.00402 11.875 0
2.59036 11.375 0 2.63052 11.7083 0
6.38554 4.91667 0 6.50602 5.04167 0
5.68273 0.166667 0 5.72289 0.166667 0
3.89558 5.875 0 3.89558 5.95833 0
0.160643 3.83333 0 0.160643 3.75 0
5.74297 0.958333 0 5.82329 1.125 0
6.14458 11.625 0 6.24498 11.4167 0
6.88755 16.7083 0 6.96787 16.4167 0
6.20482 8.58333 0 6.28514 8.45833 0
5.48193 10.6667 0 5.54217 10.625 0
7.40964 8.75 0 7.40964 8.66667 0
9.07631 7.83333 0 9.13655 7.5 0
9.21687 13.5417 0 9.29719 13.625 0
5.54217 9.625 0 5.64257 9.58333 0
7.32932 7.625 0 7.38956 7.83333 0
0.421687 9.5 0 0.421687 9.41667 0
5.52209 0.458333 0 5.64257 0.25 0
4.09639 10.0417 0 4.13655 10.125 0
6.50602 15.5417 0 6.5261 15.4167 0
4.31727 10 0 4.37751 9.95833 0
4.53815 16.2083 0 4.59839 16.2917 0
1.86747 10 0 1.88755 9.5 0
8.85542 7.91667 0 8.89558 7.875 0
0.381526 13.75 0 0.381526 13.6667 0
8.83534 7.91667 0 8.89558 8.04167 0
7.28916 4.58333 0 7.30924 4.66667 0
6.40562 15.7083 0 6.44578 15.625 0
0.140562 3.70833 0 0.200803 3.79167 0
0.0401606 3.20833 0 0.060241 3.33333 0
0.401606 13.75 0 0.461847 13.7917 0
7.16867 14.5833 0 7.16867 14.5 0
6.28514 9.91667 0 6.3253 9.70833 0
3.85542 6.125 0 3.8755 6.04167 0
9.33735 5.83333 0 9.39759 5.70833 0
5.06024 9.54167 0 5.1004 9.54167 0
7.51004 5.45833 0 7.53012 5.25 0
4.21687 15.2083 0 4.25703 14.9583 0
0.863454 8.33333 0 0.963855 8.25 0
6.0241 11.375 0 6.06426 11.375 0
2.93173 11.4583 0 3.01205 11.4583 0
7.30924 7.16667 0 7.36948 7.16667 0
9.23695 7.08333 0 9.27711 6.95833 0
1.0241 8.70833 0 1.1245 8.66667 0
4.49799 15.5 0 4.71888 16.125 0
1.98795 10.5417 0 2.02811 10.5 0
0.903614 9.08333 0 0.983936 9.08333 0
7.12851 13.75 0 7.12851 13.9167 0
1.78715 11.375 0 1.80723 11.5 0
8.69478 13.125 0 9.07631 13.4583 0
0.0803213 4.625 0 0.0803213 4.70833 0
5.36145 1.70833 0 5.38153 1.625 0
9.83936 14.3333 0 9.91968 14.4583 0